-0.400 -2.001 0.296 0.301
-0.400 -2.001 0.296 0.301
-0.400 -2.001 0.296 0.301
-0.400 -2.001 0.296 0.301
-0.400 -2.001 0.296 0.302
-0.400 -2.000 0.296 0.302
-0.400 -2.000 0.296 0.303
-0.401 -2.000 0.297 0.303
-0.401 -2.000 0.297 0.302
-0.402 -2.000 0.297 0.302
-0.403 -2.000 0.297 0.300
-0.404 -2.000 0.297 0.299
-0.405 -2.000 0.297 0.297
-0.407 -2.000 0.297 0.294
-0.409 -2.000 0.297 0.291
-0.411 -2.000 0.297 0.287
-0.413 -2.000 0.297 0.283
-0.416 -2.000 0.298 0.279
-0.419 -2.000 0.298 0.274
-0.422 -2.000 0.298 0.268
-0.425 -2.000 0.298 0.263
-0.429 -2.000 0.298 0.257
-0.433 -2.001 0.298 0.250
-0.436 -2.001 0.298 0.244
-0.440 -2.002 0.298 0.237
-0.444 -2.002 0.298 0.230
-0.448 -2.003 0.298 0.223
-0.452 -2.004 0.298 0.215
-0.456 -2.005 0.298 0.208
-0.460 -2.006 0.298 0.201
-0.464 -2.007 0.298 0.194
-0.468 -2.009 0.298 0.187
-0.471 -2.010 0.297 0.180
-0.475 -2.012 0.297 0.173
-0.478 -2.013 0.296 0.166
-0.481 -2.015 0.296 0.160
-0.484 -2.017 0.295 0.153
-0.486 -2.018 0.295 0.147
-0.488 -2.020 0.294 0.142
-0.490 -2.022 0.293 0.137
-0.492 -2.024 0.292 0.132
-0.494 -2.026 0.291 0.127
-0.495 -2.027 0.290 0.123
-0.496 -2.029 0.289 0.120
-0.497 -2.031 0.288 0.116
-0.498 -2.032 0.286 0.114
-0.498 -2.034 0.285 0.111
-0.498 -2.035 0.284 0.109
-0.498 -2.036 0.282 0.107
-0.498 -2.037 0.281 0.106
-0.498 -2.038 0.279 0.105
-0.498 -2.039 0.278 0.105
-0.498 -2.039 0.276 0.105
-0.497 -2.039 0.275 0.105
-0.497 -2.040 0.273 0.105
-0.497 -2.040 0.272 0.106
-0.496 -2.039 0.270 0.107
-0.496 -2.039 0.268 0.108
-0.496 -2.039 0.267 0.109
-0.497 -2.038 0.265 0.111
-0.497 -2.037 0.264 0.113
-0.497 -2.036 0.262 0.114
-0.498 -2.035 0.261 0.116
-0.499 -2.034 0.259 0.118
-0.500 -2.033 0.258 0.120
-0.502 -2.032 0.256 0.122
-0.503 -2.031 0.255 0.124
-0.505 -2.029 0.254 0.126
-0.507 -2.028 0.252 0.128
-0.510 -2.027 0.251 0.129
-0.513 -2.026 0.250 0.131
-0.516 -2.024 0.249 0.132
-0.519 -2.023 0.248 0.133
-0.522 -2.022 0.246 0.134
-0.526 -2.021 0.245 0.135
-0.530 -2.021 0.244 0.136
-0.534 -2.020 0.243 0.136
-0.538 -2.020 0.242 0.137
-0.542 -2.019 0.241 0.137
-0.547 -2.019 0.240 0.137
-0.551 -2.019 0.239 0.136
-0.556 -2.019 0.238 0.136
-0.560 -2.020 0.237 0.135
-0.565 -2.020 0.236 0.134
-0.570 -2.021 0.235 0.133
-0.574 -2.022 0.234 0.132
-0.579 -2.023 0.233 0.131
-0.583 -2.024 0.232 0.129
-0.587 -2.026 0.231 0.128
-0.591 -2.028 0.229 0.126
-0.595 -2.029 0.228 0.124
-0.599 -2.031 0.227 0.123
-0.602 -2.034 0.226 0.121
-0.605 -2.036 0.225 0.119
-0.608 -2.038 0.223 0.117
-0.611 -2.040 0.222 0.115
-0.613 -2.043 0.221 0.113
-0.615 -2.045 0.220 0.111
-0.617 -2.047 0.218 0.110
-0.618 -2.050 0.217 0.108
-0.620 -2.052 0.215 0.106
-0.621 -2.054 0.214 0.105
-0.622 -2.056 0.212 0.103
-0.622 -2.058 0.211 0.102
-0.622 -2.060 0.209 0.101
-0.623 -2.062 0.208 0.100
-0.623 -2.063 0.206 0.099
-0.622 -2.064 0.205 0.098
-0.622 -2.066 0.203 0.097
-0.622 -2.067 0.201 0.097
-0.621 -2.067 0.200 0.096
-0.621 -2.068 0.198 0.096
-0.621 -2.068 0.196 0.096
-0.620 -2.068 0.195 0.096
-0.620 -2.068 0.193 0.096
-0.620 -2.068 0.191 0.096
-0.619 -2.068 0.190 0.097
-0.619 -2.067 0.188 0.097
-0.620 -2.066 0.186 0.098
-0.620 -2.065 0.185 0.098
-0.621 -2.064 0.183 0.099
-0.621 -2.063 0.181 0.100
-0.623 -2.062 0.180 0.101
-0.624 -2.060 0.178 0.102
-0.625 -2.059 0.177 0.103
-0.627 -2.057 0.175 0.104
-0.629 -2.056 0.173 0.105
-0.632 -2.054 0.172 0.106
-0.634 -2.053 0.170 0.107
-0.637 -2.051 0.169 0.108
-0.640 -2.050 0.167 0.109
-0.644 -2.049 0.166 0.110
-0.647 -2.047 0.164 0.111
-0.651 -2.046 0.163 0.112
-0.655 -2.045 0.161 0.113
-0.659 -2.044 0.160 0.113
-0.663 -2.044 0.158 0.114
-0.668 -2.043 0.157 0.115
-0.672 -2.043 0.155 0.116
-0.677 -2.043 0.154 0.117
-0.681 -2.043 0.152 0.117
-0.686 -2.043 0.151 0.118
-0.691 -2.043 0.149 0.118
-0.695 -2.044 0.148 0.119
-0.700 -2.045 0.147 0.119
-0.704 -2.046 0.145 0.119
-0.709 -2.047 0.144 0.120
-0.713 -2.049 0.142 0.120
-0.717 -2.050 0.141 0.120
-0.721 -2.052 0.139 0.120
-0.725 -2.054 0.138 0.120
-0.728 -2.056 0.136 0.120
-0.731 -2.058 0.135 0.120
-0.734 -2.060 0.133 0.120
-0.737 -2.063 0.131 0.120
-0.740 -2.065 0.130 0.120
-0.742 -2.068 0.128 0.120
-0.744 -2.070 0.127 0.120
-0.746 -2.072 0.125 0.120
-0.748 -2.075 0.123 0.119
-0.749 -2.077 0.122 0.119
-0.750 -2.079 0.120 0.119
-0.751 -2.081 0.118 0.119
-0.752 -2.083 0.117 0.119
-0.753 -2.085 0.115 0.119
-0.753 -2.087 0.114 0.119
-0.753 -2.088 0.112 0.119
-0.754 -2.090 0.110 0.119
-0.754 -2.091 0.108 0.119
-0.754 -2.092 0.107 0.119
-0.754 -2.092 0.105 0.119
-0.754 -2.093 0.103 0.119
-0.754 -2.093 0.102 0.119
-0.754 -2.093 0.100 0.119
-0.754 -2.093 0.098 0.119
-0.754 -2.092 0.097 0.120
-0.755 -2.092 0.095 0.120
-0.755 -2.091 0.093 0.120
-0.756 -2.090 0.092 0.120
-0.757 -2.089 0.090 0.121
-0.758 -2.088 0.088 0.121
-0.759 -2.086 0.087 0.121
-0.760 -2.085 0.085 0.122
-0.762 -2.083 0.083 0.122
-0.764 -2.081 0.082 0.123
-0.766 -2.080 0.080 0.123
-0.769 -2.078 0.078 0.124
-0.771 -2.076 0.077 0.124
-0.774 -2.075 0.075 0.125
-0.777 -2.073 0.073 0.125
-0.780 -2.071 0.072 0.126
-0.784 -2.070 0.070 0.126
-0.787 -2.069 0.069 0.127
-0.791 -2.067 0.067 0.128
-0.795 -2.066 0.065 0.128
-0.799 -2.065 0.064 0.129
-0.804 -2.065 0.062 0.129
-0.808 -2.064 0.060 0.130
-0.812 -2.064 0.059 0.131
-0.817 -2.064 0.057 0.131
-0.821 -2.064 0.055 0.132
-0.826 -2.064 0.054 0.132
-0.831 -2.065 0.052 0.133
-0.835 -2.065 0.050 0.134
-0.839 -2.066 0.049 0.134
-0.844 -2.068 0.047 0.135
-0.848 -2.069 0.045 0.135
-0.852 -2.071 0.044 0.136
-0.856 -2.072 0.042 0.136
-0.860 -2.074 0.040 0.137
-0.863 -2.076 0.039 0.137
-0.867 -2.079 0.037 0.138
-0.870 -2.081 0.035 0.138
-0.873 -2.083 0.034 0.139
-0.876 -2.086 0.032 0.139
-0.879 -2.088 0.030 0.140
-0.881 -2.091 0.028 0.140
-0.883 -2.093 0.027 0.140
-0.885 -2.095 0.025 0.141
-0.887 -2.098 0.023 0.141
-0.888 -2.100 0.021 0.142
-0.890 -2.102 0.020 0.142
-0.891 -2.104 0.018 0.142
-0.892 -2.106 0.016 0.143
-0.893 -2.108 0.014 0.143
-0.894 -2.109 0.013 0.144
-0.894 -2.111 0.011 0.144
-0.895 -2.112 0.009 0.144
-0.895 -2.113 0.007 0.145
-0.896 -2.113 0.006 0.145
-0.896 -2.114 0.004 0.145
-0.897 -2.114 0.002 0.146
-0.897 -2.114 0.000 0.146
-0.898 -2.114 -0.001 0.147
-0.898 -2.114 -0.003 0.147
-0.899 -2.113 -0.005 0.147
-0.900 -2.112 -0.006 0.148
-0.901 -2.112 -0.008 0.148
-0.902 -2.110 -0.010 0.148
-0.903 -2.109 -0.012 0.149
-0.905 -2.108 -0.013 0.149
-0.906 -2.106 -0.015 0.149
-0.908 -2.105 -0.017 0.150
-0.910 -2.103 -0.018 0.150
-0.912 -2.102 -0.020 0.150
-0.915 -2.100 -0.022 0.151
-0.918 -2.098 -0.023 0.151
-0.921 -2.097 -0.025 0.151
-0.924 -2.095 -0.027 0.151
-0.927 -2.094 -0.028 0.151
-0.931 -2.092 -0.030 0.152
-0.935 -2.091 -0.032 0.152
-0.939 -2.090 -0.034 0.152
-0.943 -2.089 -0.035 0.152
-0.947 -2.088 -0.037 0.152
-0.952 -2.088 -0.039 0.152
-0.956 -2.087 -0.040 0.152
-0.961 -2.087 -0.042 0.153
-0.965 -2.087 -0.044 0.153
-0.970 -2.088 -0.046 0.153
-0.975 -2.088 -0.047 0.153
-0.979 -2.089 -0.049 0.153
-0.984 -2.090 -0.051 0.153
-0.988 -2.091 -0.053 0.154
-0.993 -2.093 -0.055 0.154
-0.997 -2.094 -0.056 0.154
-1.001 -2.096 -0.058 0.154
-1.005 -2.098 -0.060 0.155
-1.009 -2.100 -0.062 0.155
-1.013 -2.103 -0.064 0.156
-1.016 -2.105 -0.065 0.156
-1.020 -2.107 -0.067 0.156
-1.023 -2.110 -0.069 0.157
-1.026 -2.112 -0.071 0.157
-1.028 -2.115 -0.073 0.158
-1.031 -2.118 -0.075 0.158
-1.033 -2.120 -0.077 0.159
-1.035 -2.123 -0.079 0.160
-1.037 -2.125 -0.080 0.160
-1.038 -2.127 -0.082 0.161
-1.040 -2.129 -0.084 0.162
-1.041 -2.131 -0.086 0.162
-1.042 -2.133 -0.088 0.163
-1.043 -2.135 -0.090 0.164
-1.044 -2.136 -0.092 0.164
-1.045 -2.137 -0.094 0.165
-1.046 -2.138 -0.096 0.166
-1.046 -2.139 -0.097 0.167
-1.047 -2.140 -0.099 0.167
-1.048 -2.140 -0.101 0.168
-1.048 -2.140 -0.103 0.169
-1.049 -2.140 -0.105 0.169
-1.050 -2.140 -0.107 0.170
-1.051 -2.139 -0.108 0.171
-1.052 -2.139 -0.110 0.171
-1.053 -2.138 -0.112 0.172
-1.054 -2.137 -0.114 0.173
-1.056 -2.135 -0.116 0.173
-1.057 -2.134 -0.118 0.174
-1.059 -2.132 -0.119 0.174
-1.061 -2.131 -0.121 0.175
-1.063 -2.129 -0.123 0.175
-1.066 -2.128 -0.125 0.175
-1.069 -2.126 -0.126 0.176
-1.072 -2.124 -0.128 0.176
-1.075 -2.123 -0.130 0.176
-1.078 -2.121 -0.132 0.177
-1.082 -2.120 -0.133 0.177
-1.086 -2.118 -0.135 0.177
-1.090 -2.117 -0.137 0.177
-1.094 -2.116 -0.139 0.177
-1.098 -2.115 -0.141 0.178
-1.103 -2.115 -0.142 0.178
-1.107 -2.114 -0.144 0.178
-1.112 -2.114 -0.146 0.178
-1.117 -2.114 -0.148 0.178
-1.122 -2.114 -0.150 0.179
-1.126 -2.114 -0.151 0.179
-1.131 -2.115 -0.153 0.179
-1.136 -2.116 -0.155 0.179
-1.141 -2.117 -0.157 0.180
-1.146 -2.118 -0.159 0.180
-1.151 -2.120 -0.161 0.180
-1.155 -2.122 -0.163 0.181
-1.160 -2.124 -0.164 0.181
-1.164 -2.126 -0.166 0.181
-1.168 -2.128 -0.168 0.182
-1.172 -2.131 -0.170 0.182
-1.176 -2.133 -0.172 0.182
-1.179 -2.136 -0.174 0.183
-1.183 -2.139 -0.176 0.183
-1.186 -2.141 -0.178 0.184
-1.189 -2.144 -0.180 0.185
-1.191 -2.147 -0.182 0.185
-1.194 -2.150 -0.184 0.186
-1.196 -2.152 -0.186 0.186
-1.198 -2.155 -0.188 0.187
-1.200 -2.157 -0.190 0.188
-1.201 -2.159 -0.192 0.189
-1.203 -2.162 -0.194 0.189
-1.204 -2.163 -0.196 0.190
-1.205 -2.165 -0.198 0.191
-1.206 -2.167 -0.200 0.192
-1.207 -2.168 -0.202 0.193
-1.208 -2.169 -0.204 0.193
-1.209 -2.170 -0.206 0.194
-1.209 -2.171 -0.207 0.195
-1.210 -2.171 -0.209 0.196
-1.211 -2.171 -0.211 0.196
-1.212 -2.171 -0.213 0.197
-1.213 -2.171 -0.215 0.198
-1.213 -2.170 -0.217 0.199
-1.215 -2.169 -0.219 0.199
-1.216 -2.169 -0.221 0.200
-1.217 -2.167 -0.223 0.201
-1.219 -2.166 -0.225 0.201
-1.220 -2.165 -0.226 0.202
-1.222 -2.163 -0.228 0.202
-1.225 -2.161 -0.230 0.202
-1.227 -2.160 -0.232 0.203
-1.230 -2.158 -0.234 0.203
-1.233 -2.156 -0.236 0.203
-1.236 -2.154 -0.237 0.204
-1.239 -2.153 -0.239 0.204
-1.243 -2.151 -0.241 0.204
-1.247 -2.149 -0.243 0.204
-1.251 -2.148 -0.245 0.204
-1.255 -2.147 -0.247 0.204
-1.260 -2.145 -0.249 0.205
-1.264 -2.144 -0.250 0.205
-1.269 -2.144 -0.252 0.205
-1.274 -2.143 -0.254 0.205
-1.279 -2.143 -0.256 0.205
-1.284 -2.143 -0.258 0.205
-1.290 -2.143 -0.260 0.205
-1.295 -2.143 -0.262 0.206
-1.300 -2.144 -0.264 0.206
-1.305 -2.145 -0.266 0.206
-1.311 -2.146 -0.268 0.206
-1.316 -2.147 -0.269 0.206
-1.321 -2.149 -0.271 0.207
-1.326 -2.151 -0.273 0.207
-1.331 -2.153 -0.275 0.207
-1.336 -2.155 -0.277 0.207
-1.340 -2.158 -0.279 0.208
-1.344 -2.160 -0.281 0.208
-1.348 -2.163 -0.283 0.208
-1.352 -2.166 -0.285 0.209
-1.356 -2.169 -0.288 0.209
-1.359 -2.172 -0.290 0.210
-1.363 -2.175 -0.292 0.210
-1.366 -2.178 -0.294 0.210
-1.368 -2.182 -0.296 0.211
-1.371 -2.185 -0.298 0.211
-1.373 -2.188 -0.300 0.212
-1.375 -2.191 -0.302 0.213
-1.377 -2.193 -0.304 0.213
-1.378 -2.196 -0.306 0.214
-1.379 -2.199 -0.308 0.214
-1.381 -2.201 -0.310 0.215
-1.382 -2.203 -0.312 0.216
-1.383 -2.205 -0.314 0.216
-1.384 -2.207 -0.316 0.217
-1.384 -2.208 -0.318 0.218
-1.385 -2.209 -0.320 0.218
-1.386 -2.210 -0.322 0.219
-1.386 -2.211 -0.324 0.220
-1.387 -2.211 -0.326 0.220
-1.388 -2.211 -0.328 0.221
-1.389 -2.211 -0.330 0.221
-1.390 -2.211 -0.332 0.222
-1.391 -2.210 -0.334 0.222
-1.392 -2.209 -0.336 0.223
-1.394 -2.208 -0.338 0.223
-1.395 -2.207 -0.340 0.224
-1.397 -2.205 -0.342 0.224
-1.399 -2.204 -0.344 0.225
-1.402 -2.202 -0.346 0.225
-1.405 -2.200 -0.348 0.225
-1.407 -2.198 -0.350 0.225
-1.411 -2.197 -0.352 0.226
-1.414 -2.195 -0.354 0.226
-1.418 -2.193 -0.356 0.226
-1.422 -2.191 -0.358 0.226
-1.426 -2.190 -0.360 0.226
-1.431 -2.188 -0.362 0.226
-1.435 -2.187 -0.364 0.226
-1.440 -2.185 -0.366 0.227
-1.445 -2.184 -0.368 0.227
-1.451 -2.183 -0.370 0.227
-1.456 -2.183 -0.372 0.227
-1.462 -2.183 -0.374 0.227
-1.467 -2.183 -0.376 0.227
-1.473 -2.183 -0.378 0.227
-1.479 -2.183 -0.380 0.228
-1.485 -2.184 -0.382 0.228
-1.490 -2.185 -0.384 0.228
-1.496 -2.187 -0.386 0.228
-1.502 -2.188 -0.388 0.229
-1.507 -2.190 -0.390 0.229
-1.513 -2.192 -0.392 0.229
-1.518 -2.195 -0.394 0.230
-1.523 -2.197 -0.396 0.230
-1.528 -2.200 -0.398 0.230
-1.533 -2.203 -0.400 0.231
-1.537 -2.207 -0.403 0.231
-1.541 -2.210 -0.405 0.232
-1.545 -2.214 -0.407 0.232
-1.549 -2.217 -0.409 0.233
-1.552 -2.221 -0.411 0.234
-1.555 -2.224 -0.413 0.234
-1.558 -2.228 -0.416 0.235
-1.561 -2.231 -0.418 0.235
-1.563 -2.235 -0.420 0.236
-1.565 -2.238 -0.422 0.237
-1.567 -2.241 -0.424 0.237
-1.568 -2.244 -0.426 0.238
-1.569 -2.247 -0.429 0.239
-1.570 -2.250 -0.431 0.239
-1.571 -2.252 -0.433 0.240
-1.572 -2.254 -0.435 0.241
-1.573 -2.256 -0.437 0.241
-1.573 -2.257 -0.439 0.242
-1.574 -2.258 -0.442 0.242
-1.574 -2.259 -0.444 0.243
-1.575 -2.260 -0.446 0.244
-1.575 -2.260 -0.448 0.244
-1.576 -2.260 -0.450 0.245
-1.577 -2.259 -0.452 0.246
-1.577 -2.259 -0.454 0.246
-1.578 -2.258 -0.456 0.247
-1.579 -2.256 -0.458 0.247
-1.581 -2.255 -0.460 0.248
-1.582 -2.253 -0.463 0.248
-1.584 -2.251 -0.465 0.249
-1.586 -2.249 -0.467 0.249
-1.589 -2.246 -0.469 0.250
-1.592 -2.244 -0.471 0.250
-1.595 -2.241 -0.473 0.251
-1.598 -2.239 -0.475 0.251
-1.602 -2.236 -0.477 0.251
-1.606 -2.234 -0.479 0.252
-1.610 -2.232 -0.481 0.252
-1.615 -2.229 -0.483 0.252
-1.620 -2.227 -0.485 0.253
-1.625 -2.225 -0.487 0.253
-1.631 -2.224 -0.489 0.253
-1.636 -2.222 -0.491 0.254
-1.642 -2.221 -0.493 0.254
-1.649 -2.220 -0.496 0.254
-1.655 -2.219 -0.498 0.255
-1.662 -2.219 -0.500 0.255
-1.668 -2.219 -0.502 0.255
-1.675 -2.220 -0.504 0.255
-1.682 -2.221 -0.506 0.256
-1.688 -2.222 -0.509 0.256
-1.695 -2.223 -0.511 0.256
-1.702 -2.225 -0.513 0.257
-1.708 -2.227 -0.515 0.257
-1.714 -2.230 -0.517 0.258
-1.720 -2.232 -0.520 0.258
-1.726 -2.236 -0.522 0.258
-1.732 -2.239 -0.524 0.259
-1.737 -2.243 -0.526 0.259
-1.742 -2.246 -0.529 0.260
-1.747 -2.251 -0.531 0.260
-1.751 -2.255 -0.533 0.261
-1.755 -2.259 -0.535 0.261
-1.759 -2.263 -0.538 0.262
-1.762 -2.268 -0.540 0.263
-1.765 -2.272 -0.542 0.263
-1.767 -2.277 -0.545 0.264
-1.770 -2.281 -0.547 0.264
-1.771 -2.285 -0.549 0.265
-1.773 -2.289 -0.551 0.266
-1.774 -2.292 -0.554 0.266
-1.775 -2.296 -0.556 0.267
-1.776 -2.299 -0.558 0.267
-1.776 -2.302 -0.560 0.268
-1.776 -2.304 -0.563 0.269
-1.776 -2.307 -0.565 0.269
-1.776 -2.308 -0.567 0.270
-1.776 -2.310 -0.569 0.270
-1.775 -2.311 -0.571 0.271
-1.775 -2.311 -0.574 0.272
-1.775 -2.311 -0.576 0.272
-1.775 -2.311 -0.578 0.273
-1.775 -2.310 -0.580 0.273
-1.775 -2.309 -0.582 0.274
-1.775 -2.308 -0.584 0.274
-1.776 -2.306 -0.586 0.275
-1.776 -2.304 -0.589 0.275
-1.778 -2.301 -0.591 0.275
-1.779 -2.298 -0.593 0.276
-1.781 -2.295 -0.595 0.276
-1.783 -2.292 -0.597 0.276
-1.786 -2.289 -0.599 0.277
-1.789 -2.286 -0.601 0.277
-1.793 -2.282 -0.604 0.277
-1.797 -2.279 -0.606 0.277
-1.801 -2.275 -0.608 0.277
-1.806 -2.272 -0.610 0.277
-1.811 -2.268 -0.612 0.277
-1.817 -2.265 -0.614 0.277
-1.823 -2.263 -0.617 0.277
-1.830 -2.260 -0.619 0.277
-1.837 -2.258 -0.621 0.277
-1.844 -2.256 -0.623 0.277
-1.852 -2.255 -0.625 0.277
-1.859 -2.254 -0.628 0.277
-1.867 -2.253 -0.630 0.277
-1.876 -2.253 -0.632 0.277
-1.884 -2.254 -0.634 0.277
-1.892 -2.255 -0.637 0.277
-1.900 -2.256 -0.639 0.278
-1.908 -2.258 -0.641 0.278
-1.916 -2.261 -0.644 0.278
-1.924 -2.264 -0.646 0.278
-1.932 -2.268 -0.648 0.279
-1.939 -2.272 -0.651 0.279
-1.947 -2.276 -0.653 0.279
-1.953 -2.281 -0.655 0.280
-1.960 -2.286 -0.658 0.280
-1.966 -2.292 -0.660 0.281
-1.971 -2.297 -0.663 0.281
-1.976 -2.303 -0.665 0.282
-1.980 -2.310 -0.667 0.283
-1.984 -2.316 -0.670 0.283
-1.988 -2.322 -0.672 0.284
-1.990 -2.328 -0.675 0.285
-1.993 -2.335 -0.677 0.286
-1.994 -2.341 -0.680 0.287
-1.995 -2.346 -0.682 0.287
-1.996 -2.352 -0.684 0.288
-1.996 -2.357 -0.687 0.289
-1.996 -2.362 -0.689 0.290
-1.995 -2.367 -0.692 0.291
-1.994 -2.371 -0.694 0.292
-1.993 -2.374 -0.696 0.292
-1.991 -2.377 -0.699 0.293
-1.989 -2.379 -0.701 0.294
-1.987 -2.381 -0.704 0.295
-1.984 -2.382 -0.706 0.295
-1.982 -2.382 -0.708 0.296
-1.980 -2.382 -0.710 0.297
-1.977 -2.381 -0.713 0.297
-1.975 -2.379 -0.715 0.298
-1.973 -2.376 -0.717 0.298
-1.972 -2.373 -0.719 0.299
-1.971 -2.370 -0.722 0.299
-1.970 -2.365 -0.724 0.299
-1.970 -2.360 -0.726 0.299
-1.970 -2.355 -0.728 0.300
-1.970 -2.350 -0.729 0.301
-1.971 -2.345 -0.731 0.305
-1.971 -2.342 -0.731 0.307
-1.971 -2.340 -0.731 0.310
-1.972 -2.339 -0.732 0.313
-1.972 -2.340 -0.732 0.318
-1.973 -2.342 -0.732 0.326
-1.974 -2.345 -0.732 0.337
-1.976 -2.349 -0.732 0.351
-1.977 -2.353 -0.732 0.369
-1.980 -2.359 -0.732 0.389
-1.982 -2.365 -0.732 0.412
-1.985 -2.372 -0.732 0.437
-1.988 -2.380 -0.732 0.466
-1.992 -2.388 -0.732 0.496
-1.996 -2.397 -0.732 0.529
-2.001 -2.407 -0.732 0.564
-2.005 -2.417 -0.732 0.602
-2.011 -2.427 -0.732 0.642
-2.017 -2.438 -0.732 0.684
-2.023 -2.449 -0.732 0.729
-2.029 -2.460 -0.732 0.775
-2.036 -2.472 -0.732 0.824
-2.044 -2.483 -0.732 0.874
