0.03
0.11
0.19
0.27
0.35
0.43
0.51
0.59
0.67
0.75
0.83
0.91
0.99
1.07
1.15
1.23
1.31
1.39
1.47
1.55
1.63
1.71
1.79
1.87
1.95
2.03
2.11
2.19
2.27
2.35
2.43
2.51
2.59
2.67
2.75
2.83
2.91
2.99
3.07
3.15
3.23
3.31
3.39
3.47
3.55
3.63
3.71
3.79
3.87
3.95
4.03
4.11
4.19
4.27
4.35
4.43
4.51
4.59
4.67
4.75
4.83
4.91
4.99
5.07
5.15
5.23
5.31
5.39
5.47
5.55
5.63
5.71
5.79
5.87
5.95
6.03
6.11
6.19
6.27
6.35
6.43
6.51
6.59
6.67
6.75
6.83
6.91
6.99
7.07
7.15
7.23
7.31
7.39
7.47
7.55
7.63
7.71
7.79
7.87
7.95
8.03
8.11
8.19
8.27
8.35
8.43
8.51
8.59
8.67
8.75
8.83
8.91
8.99
9.07
9.15
9.23
9.31
9.39
9.47
9.55
9.63
9.71
9.79
9.87
9.95
10.03
10.11
10.19
10.27
10.35
10.43
10.51
10.59
10.67
10.75
10.83
10.91
10.99
11.07
11.15
11.23
11.31
11.39
11.47
11.55
11.63
11.71
11.79
11.87
11.95
12.03
12.11
12.19
12.27
12.35
12.43
12.51
12.59
12.67
12.75
12.83
12.91
12.99
13.07
13.15
13.23
13.31
13.39
13.47
13.55
13.63
13.71
13.79
13.87
13.95
14.03
14.11
14.19
14.27
14.35
14.43
14.51
14.59
14.67
14.75
14.83
14.91
14.99
15.07
15.15
15.23
15.31
15.39
15.47
15.55
15.63
15.71
15.79
15.87
15.95
16.03
16.11
16.19
16.27
16.35
16.43
16.51
16.59
16.67
16.75
16.83
16.91
16.99
17.07
17.15
17.23
17.31
17.39
17.47
17.55
17.63
17.71
17.79
17.87
17.95
18.03
18.11
18.19
18.27
18.35
18.43
18.51
18.59
18.67
18.75
18.83
18.91
18.99
19.07
19.15
19.23
19.31
19.39
19.47
19.55
19.63
19.71
19.79
19.87
19.95
20.03
20.11
20.19
20.27
20.35
20.43
20.51
20.59
20.67
20.75
20.83
20.91
20.99
21.07
21.15
21.23
21.31
21.39
21.47
21.55
21.63
21.71
21.79
21.87
21.95
22.03
22.11
22.19
22.27
22.35
22.43
22.51
22.59
22.67
22.75
22.83
22.91
22.99
23.07
23.15
23.23
23.31
23.39
23.47
23.55
23.63
23.71
23.79
23.87
23.95
24.03
24.11
24.19
24.27
24.35
24.43
24.51
24.59
24.67
24.75
24.83
24.91
24.99
25.07
25.15
25.23
25.31
25.39
25.47
25.55
25.63
25.71
25.79
25.87
25.95
26.03
26.11
26.19
26.27
26.35
26.43
26.51
26.59
26.67
26.75
26.83
26.91
26.99
27.07
27.15
27.23
27.31
27.39
27.47
27.55
27.63
27.71
27.79
27.87
27.95
28.03
28.11
28.19
28.27
28.35
28.43
28.51
28.59
28.67
28.75
28.83
28.91
28.99
29.07
29.15
29.23
29.31
29.39
29.47
29.55
29.63
29.71
29.79
29.87
29.95
30.03
30.11
30.19
30.27
30.35
30.43
30.51
30.59
30.67
30.75
30.83
30.91
30.99
31.07
31.15
31.23
31.31
31.39
31.47
31.55
31.63
31.71
31.79
31.87
31.95
32.03
32.11
32.19
32.27
32.35
32.43
32.51
32.59
32.67
32.75
32.83
32.91
32.99
33.07
33.15
33.23
33.31
33.39
33.47
33.55
33.63
33.71
33.79
33.87
33.95
34.03
34.11
34.19
34.27
34.35
34.43
34.51
34.59
34.67
34.75
34.83
34.91
34.99
35.07
35.15
35.23
35.31
35.39
35.47
35.55
35.63
35.71
35.79
35.87
35.95
36.03
36.11
36.19
36.27
36.35
36.43
36.51
36.59
36.67
36.75
36.83
36.91
36.99
37.07
37.15
37.23
37.31
37.39
37.47
37.55
37.63
37.71
37.79
37.87
37.95
38.03
38.11
38.19
38.27
38.35
38.43
38.51
38.59
38.67
38.75
38.83
38.91
38.99
39.07
39.15
39.23
39.31
39.39
39.47
39.55
39.63
39.71
39.79
39.87
39.95
40.03
40.11
40.19
40.27
40.35
40.43
40.51
40.59
40.67
40.75
40.83
40.91
40.99
41.07
41.15
41.23
41.31
41.39
41.47
41.55
41.63
41.71
41.79
41.87
41.95
42.03
42.11
42.19
42.27
42.35
42.43
42.51
42.59
42.67
42.75
42.83
42.91
42.99
43.07
43.15
43.23
43.31
43.39
43.47
43.55
43.63
43.71
43.79
43.87
43.95
44.03
44.11
44.19
44.27
44.35
44.43
44.51
44.59
44.67
44.75
44.83
44.91
44.99
45.07
45.15
45.23
45.31
45.39
45.47
45.55
45.63
45.71
45.79
45.87
45.95
46.03
46.11
46.19
46.27
46.35
46.43
46.51
46.59
46.67
46.75
46.83
46.91
46.99
47.07
47.15
47.23
47.31
47.39
47.47
47.55
47.63
47.71
47.79
47.87
47.95
48.03
48.11
48.19
48.27
48.35
48.43
48.51
48.59
48.67
48.75
48.83
48.91
48.99
49.07
49.15
49.23
49.31
