-0.121 -0.038 0.003 -0.344
-0.241 -0.076 0.006 -0.686
-0.241 -0.073 0.006 -0.682
-0.239 -0.067 0.008 -0.673
-0.236 -0.046 0.012 -0.688
-0.236 -0.048 0.011 -0.691
-0.237 -0.050 0.011 -0.703
-0.238 -0.059 0.012 -0.689
-0.235 -0.046 0.015 -0.680
-0.241 -0.074 0.008 -0.684
-0.242 -0.081 0.006 -0.668
-0.242 -0.090 0.004 -0.641
-0.242 -0.090 0.003 -0.630
-0.239 -0.071 0.005 -0.633
-0.240 -0.074 0.001 -0.627
-0.239 -0.063 -0.000 -0.628
-0.239 -0.061 -0.004 -0.605
-0.239 -0.062 -0.008 -0.602
-0.235 -0.042 -0.007 -0.555
-0.237 -0.056 -0.016 -0.546
-0.236 -0.047 -0.019 -0.535
-0.238 -0.057 -0.028 -0.529
-0.240 -0.061 -0.034 -0.504
-0.240 -0.065 -0.040 -0.493
-0.238 -0.053 -0.044 -0.458
-0.238 -0.052 -0.051 -0.439
-0.237 -0.047 -0.057 -0.417
-0.241 -0.070 -0.066 -0.382
-0.246 -0.102 -0.076 -0.362
-0.242 -0.074 -0.080 -0.362
-0.241 -0.063 -0.086 -0.342
-0.237 -0.040 -0.091 -0.327
-0.235 -0.026 -0.094 -0.284
-0.235 -0.025 -0.100 -0.256
-0.244 -0.070 -0.110 -0.247
-0.246 -0.083 -0.118 -0.247
-0.234 -0.012 -0.118 -0.165
-0.239 -0.035 -0.124 -0.181
-0.244 -0.065 -0.132 -0.188
-0.241 -0.039 -0.135 -0.148
-0.239 -0.029 -0.138 -0.125
-0.247 -0.078 -0.144 -0.142
-0.239 -0.019 -0.146 -0.085
-0.241 -0.029 -0.149 -0.076
-0.246 -0.061 -0.153 -0.112
-0.245 -0.041 -0.155 -0.073
-0.245 -0.040 -0.155 -0.038
-0.246 -0.052 -0.159 -0.084
-0.245 -0.029 -0.159 -0.044
-0.247 -0.045 -0.161 -0.057
-0.247 -0.044 -0.162 -0.061
-0.247 -0.032 -0.161 0.001
-0.248 -0.040 -0.162 -0.026
-0.252 -0.072 -0.163 -0.059
-0.246 -0.021 -0.161 -0.025
-0.250 -0.040 -0.161 -0.044
-0.252 -0.052 -0.160 -0.047
-0.253 -0.056 -0.160 -0.095
-0.249 -0.038 -0.158 -0.075
-0.247 -0.016 -0.156 -0.033
-0.246 -0.007 -0.153 -0.014
-0.249 -0.020 -0.152 -0.035
-0.252 -0.035 -0.151 -0.064
-0.257 -0.072 -0.151 -0.097
-0.257 -0.076 -0.151 -0.119
-0.257 -0.081 -0.150 -0.140
-0.256 -0.072 -0.149 -0.151
-0.254 -0.065 -0.147 -0.126
-0.259 -0.091 -0.147 -0.159
-0.255 -0.063 -0.145 -0.151
-0.259 -0.088 -0.146 -0.179
-0.260 -0.095 -0.144 -0.117
-0.255 -0.054 -0.142 -0.055
-0.251 -0.031 -0.142 -0.081
-0.251 -0.036 -0.142 -0.083
-0.252 -0.040 -0.142 -0.064
-0.254 -0.055 -0.144 -0.126
-0.257 -0.068 -0.146 -0.144
-0.256 -0.059 -0.146 -0.110
-0.258 -0.065 -0.147 -0.108
-0.258 -0.072 -0.148 -0.142
-0.257 -0.084 -0.150 -0.132
-0.258 -0.089 -0.152 -0.136
-0.259 -0.091 -0.154 -0.140
-0.257 -0.079 -0.155 -0.136
-0.257 -0.071 -0.157 -0.118
-0.249 -0.020 -0.158 -0.065
-0.253 -0.040 -0.159 -0.049
-0.257 -0.062 -0.163 -0.083
-0.256 -0.064 -0.165 -0.073
-0.252 -0.027 -0.167 -0.047
-0.256 -0.044 -0.168 -0.025
-0.262 -0.086 -0.171 -0.058
-0.257 -0.051 -0.174 -0.045
-0.257 -0.042 -0.175 -0.015
-0.261 -0.066 -0.178 -0.044
-0.257 -0.040 -0.180 -0.006
-0.265 -0.084 -0.181 -0.024
-0.263 -0.063 -0.184 -0.017
-0.260 -0.039 -0.185 0.013
-0.264 -0.063 -0.187 -0.011
-0.259 -0.024 -0.188 0.047
-0.268 -0.082 -0.188 -0.011
-0.263 -0.041 -0.190 0.050
-0.264 -0.044 -0.190 0.037
-0.269 -0.069 -0.192 -0.006
-0.266 -0.044 -0.193 0.048
-0.273 -0.090 -0.192 -0.003
-0.267 -0.048 -0.194 0.043
-0.267 -0.040 -0.194 0.046
-0.268 -0.041 -0.194 0.023
-0.272 -0.061 -0.194 0.003
-0.267 -0.025 -0.194 0.057
-0.270 -0.053 -0.194 0.050
-0.271 -0.058 -0.194 0.020
-0.270 -0.041 -0.194 0.036
-0.273 -0.054 -0.193 0.051
-0.269 -0.037 -0.192 0.064
-0.271 -0.047 -0.192 0.041
-0.277 -0.086 -0.191 0.006
-0.274 -0.071 -0.190 0.016
-0.267 -0.011 -0.191 0.045
-0.273 -0.042 -0.191 -0.002
-0.268 -0.008 -0.191 0.042
-0.271 -0.017 -0.188 0.085
-0.270 -0.009 -0.188 0.069
-0.273 -0.041 -0.188 -0.003
-0.275 -0.063 -0.187 -0.011
-0.274 -0.050 -0.187 0.001
-0.272 -0.031 -0.186 0.033
-0.273 -0.046 -0.186 0.036
-0.273 -0.046 -0.186 0.046
-0.273 -0.047 -0.186 0.060
-0.272 -0.044 -0.186 0.058
-0.272 -0.039 -0.187 0.045
-0.273 -0.055 -0.188 0.008
-0.275 -0.068 -0.188 0.002
-0.273 -0.055 -0.188 0.037
-0.274 -0.059 -0.189 0.022
-0.278 -0.088 -0.188 0.001
-0.283 -0.124 -0.188 -0.030
-0.276 -0.068 -0.190 -0.011
-0.279 -0.087 -0.190 -0.015
-0.276 -0.058 -0.193 0.006
-0.271 -0.024 -0.193 0.035
-0.274 -0.046 -0.195 0.024
-0.273 -0.034 -0.196 0.038
-0.279 -0.075 -0.194 0.004
-0.275 -0.037 -0.197 0.026
-0.277 -0.063 -0.196 0.040
-0.282 -0.083 -0.197 0.003
-0.277 -0.034 -0.199 0.035
-0.277 -0.043 -0.199 0.048
-0.282 -0.063 -0.200 0.009
-0.282 -0.060 -0.201 0.029
-0.287 -0.107 -0.198 0.024
-0.283 -0.051 -0.202 0.045
-0.282 -0.049 -0.203 0.013
-0.281 -0.029 -0.204 0.055
-0.284 -0.053 -0.204 0.053
-0.284 -0.048 -0.204 0.033
-0.287 -0.057 -0.204 0.044
-0.283 -0.030 -0.206 0.040
-0.286 -0.030 -0.205 0.043
-0.287 -0.042 -0.206 0.033
-0.289 -0.038 -0.206 0.021
-0.291 -0.055 -0.205 0.043
-0.289 -0.041 -0.206 0.021
-0.292 -0.044 -0.205 0.017
-0.295 -0.080 -0.204 0.015
-0.291 -0.040 -0.206 0.038
-0.292 -0.029 -0.205 0.053
-0.292 -0.036 -0.204 0.049
-0.292 -0.040 -0.205 0.051
-0.291 -0.027 -0.206 0.052
-0.294 -0.043 -0.203 0.069
-0.293 -0.043 -0.204 0.060
-0.292 -0.034 -0.204 0.071
-0.291 -0.022 -0.205 0.071
-0.291 -0.026 -0.205 0.057
-0.292 -0.027 -0.205 0.078
-0.295 -0.047 -0.203 0.082
-0.294 -0.034 -0.204 0.067
-0.295 -0.038 -0.204 0.058
-0.295 -0.041 -0.204 0.050
-0.295 -0.040 -0.204 0.038
-0.294 -0.026 -0.205 0.042
-0.293 -0.024 -0.205 0.048
-0.295 -0.036 -0.204 0.023
-0.294 -0.031 -0.204 0.061
-0.296 -0.052 -0.203 0.063
-0.299 -0.074 -0.202 0.048
-0.296 -0.055 -0.203 0.055
-0.293 -0.027 -0.205 0.081
-0.294 -0.038 -0.205 0.114
-0.301 -0.100 -0.202 0.044
-0.296 -0.055 -0.206 0.046
-0.297 -0.054 -0.207 0.026
-0.293 -0.027 -0.209 0.060
-0.295 -0.039 -0.209 0.023
-0.295 -0.048 -0.210 0.041
-0.294 -0.032 -0.211 0.058
-0.298 -0.057 -0.210 0.042
-0.298 -0.055 -0.210 0.052
-0.300 -0.069 -0.211 0.018
-0.298 -0.058 -0.212 0.038
-0.298 -0.035 -0.213 0.084
-0.300 -0.052 -0.212 0.056
-0.302 -0.072 -0.212 0.038
-0.299 -0.029 -0.216 0.017
-0.301 -0.037 -0.215 0.045
-0.302 -0.058 -0.214 0.071
-0.302 -0.036 -0.215 0.088
-0.305 -0.061 -0.214 0.081
-0.304 -0.045 -0.216 0.060
-0.307 -0.062 -0.215 0.035
-0.306 -0.053 -0.216 0.054
-0.307 -0.048 -0.217 0.028
-0.308 -0.051 -0.216 0.051
-0.309 -0.051 -0.216 0.058
-0.311 -0.058 -0.216 0.041
-0.311 -0.058 -0.216 0.048
-0.309 -0.032 -0.217 0.054
-0.312 -0.040 -0.216 0.054
-0.311 -0.043 -0.215 0.079
-0.313 -0.058 -0.214 0.048
-0.313 -0.045 -0.214 0.079
-0.312 -0.030 -0.216 0.063
-0.315 -0.038 -0.215 0.041
-0.317 -0.052 -0.214 -0.002
-0.317 -0.057 -0.214 0.019
-0.315 -0.030 -0.214 0.061
-0.319 -0.062 -0.210 0.096
-0.318 -0.060 -0.211 0.063
-0.316 -0.036 -0.214 0.067
-0.316 -0.026 -0.213 0.075
-0.319 -0.049 -0.212 0.044
-0.323 -0.083 -0.210 -0.020
-0.323 -0.065 -0.212 -0.051
-0.321 -0.046 -0.213 -0.044
-0.320 -0.039 -0.213 -0.023
-0.320 -0.058 -0.211 0.033
-0.319 -0.065 -0.212 0.051
-0.319 -0.059 -0.212 0.056
-0.320 -0.070 -0.212 0.032
-0.319 -0.057 -0.213 0.021
-0.319 -0.054 -0.214 0.022
-0.320 -0.066 -0.213 0.045
-0.319 -0.060 -0.214 0.030
-0.319 -0.043 -0.216 0.021
-0.320 -0.067 -0.215 0.040
-0.318 -0.045 -0.217 0.036
-0.320 -0.066 -0.217 0.044
-0.319 -0.055 -0.218 0.033
-0.319 -0.063 -0.218 0.055
-0.320 -0.063 -0.219 0.053
-0.320 -0.073 -0.218 0.063
-0.319 -0.044 -0.222 0.081
-0.321 -0.055 -0.221 0.084
-0.322 -0.056 -0.223 0.017
-0.321 -0.057 -0.224 0.055
-0.321 -0.048 -0.226 0.040
-0.320 -0.037 -0.227 0.084
-0.322 -0.046 -0.227 0.069
-0.323 -0.055 -0.227 0.064
-0.322 -0.050 -0.228 0.073
-0.326 -0.064 -0.228 0.065
-0.326 -0.063 -0.229 0.049
-0.324 -0.042 -0.231 0.084
-0.325 -0.045 -0.231 0.098
-0.328 -0.067 -0.230 0.049
-0.328 -0.051 -0.231 0.075
-0.330 -0.072 -0.230 0.054
-0.328 -0.034 -0.233 0.083
-0.330 -0.049 -0.231 0.080
-0.331 -0.061 -0.232 0.051
-0.331 -0.044 -0.232 0.082
-0.333 -0.057 -0.232 0.064
-0.333 -0.039 -0.232 0.117
-0.336 -0.083 -0.229 0.029
-0.335 -0.034 -0.233 0.060
-0.336 -0.043 -0.232 0.057
-0.336 -0.043 -0.231 0.085
-0.339 -0.070 -0.229 0.038
-0.339 -0.053 -0.230 0.029
-0.339 -0.052 -0.228 0.092
-0.340 -0.065 -0.228 0.028
-0.342 -0.049 -0.228 0.038
-0.341 -0.052 -0.227 0.083
-0.342 -0.069 -0.227 0.026
-0.345 -0.085 -0.224 0.004
-0.346 -0.081 -0.223 0.038
-0.342 -0.058 -0.225 0.085
-0.343 -0.057 -0.225 0.050
-0.343 -0.051 -0.226 0.018
-0.344 -0.067 -0.222 0.037
-0.344 -0.039 -0.225 0.028
-0.346 -0.047 -0.223 0.068
-0.348 -0.079 -0.222 0.012
-0.345 -0.052 -0.224 0.010
-0.347 -0.085 -0.222 0.013
-0.345 -0.063 -0.223 0.036
-0.344 -0.052 -0.224 0.061
-0.344 -0.065 -0.223 0.098
-0.345 -0.071 -0.223 0.071
-0.346 -0.077 -0.223 0.032
-0.345 -0.076 -0.225 0.029
-0.344 -0.077 -0.224 0.103
-0.345 -0.083 -0.225 0.029
-0.344 -0.072 -0.225 0.120
-0.345 -0.068 -0.228 0.052
-0.344 -0.076 -0.228 0.060
-0.345 -0.070 -0.228 0.066
-0.345 -0.074 -0.230 0.039
-0.345 -0.064 -0.231 0.053
-0.346 -0.071 -0.232 0.033
-0.344 -0.044 -0.235 0.068
-0.346 -0.054 -0.235 0.042
-0.348 -0.064 -0.234 0.067
-0.348 -0.073 -0.234 0.057
-0.346 -0.052 -0.237 0.090
-0.348 -0.050 -0.238 0.048
-0.349 -0.054 -0.238 0.076
-0.349 -0.070 -0.238 0.083
-0.350 -0.066 -0.239 0.057
-0.351 -0.058 -0.241 0.048
-0.350 -0.064 -0.240 0.130
-0.353 -0.070 -0.240 0.066
-0.352 -0.048 -0.241 0.114
-0.352 -0.051 -0.242 0.103
-0.355 -0.057 -0.242 0.069
-0.353 -0.031 -0.245 0.098
-0.356 -0.053 -0.242 0.083
-0.356 -0.056 -0.243 0.073
-0.360 -0.094 -0.239 0.055
-0.358 -0.055 -0.243 0.073
-0.359 -0.036 -0.242 0.127
-0.360 -0.060 -0.241 0.044
-0.363 -0.105 -0.237 0.074
-0.362 -0.066 -0.241 0.042
-0.363 -0.072 -0.239 0.085
-0.364 -0.065 -0.240 0.046
-0.364 -0.072 -0.239 0.037
-0.366 -0.087 -0.237 0.073
-0.366 -0.048 -0.240 0.043
-0.367 -0.061 -0.238 0.024
-0.366 -0.059 -0.237 0.074
-0.367 -0.074 -0.235 0.060
-0.369 -0.078 -0.236 -0.026
-0.368 -0.056 -0.235 0.070
-0.368 -0.071 -0.235 0.059
-0.370 -0.089 -0.234 0.010
-0.371 -0.079 -0.235 -0.048
-0.371 -0.068 -0.235 -0.032
-0.371 -0.074 -0.234 0.008
-0.370 -0.057 -0.234 0.060
-0.370 -0.064 -0.231 0.086
-0.370 -0.047 -0.233 0.079
-0.372 -0.070 -0.232 0.012
-0.371 -0.087 -0.232 0.004
-0.370 -0.064 -0.233 0.069
-0.370 -0.052 -0.234 0.079
-0.371 -0.075 -0.232 0.070
-0.370 -0.082 -0.234 0.056
-0.369 -0.052 -0.236 0.087
-0.371 -0.087 -0.235 0.017
-0.370 -0.057 -0.236 0.097
-0.371 -0.085 -0.236 0.047
-0.369 -0.045 -0.240 0.100
-0.371 -0.078 -0.240 0.032
-0.370 -0.068 -0.240 0.081
-0.371 -0.077 -0.241 0.020
-0.371 -0.076 -0.242 0.054
-0.371 -0.077 -0.243 0.021
-0.371 -0.070 -0.245 0.018
-0.372 -0.089 -0.244 0.040
-0.372 -0.074 -0.245 0.038
-0.372 -0.086 -0.244 0.082
-0.374 -0.083 -0.248 0.028
-0.373 -0.075 -0.250 0.049
-0.374 -0.064 -0.250 0.069
-0.375 -0.075 -0.249 0.071
-0.375 -0.103 -0.249 0.051
-0.376 -0.076 -0.252 0.036
-0.376 -0.085 -0.249 0.093
-0.376 -0.080 -0.253 0.062
-0.379 -0.088 -0.252 0.026
-0.380 -0.132 -0.248 -0.002
-0.379 -0.097 -0.251 0.069
-0.381 -0.098 -0.252 0.072
-0.380 -0.070 -0.254 0.120
-0.382 -0.084 -0.252 0.112
-0.382 -0.121 -0.250 0.062
-0.385 -0.103 -0.251 0.026
-0.383 -0.107 -0.250 0.112
-0.385 -0.073 -0.253 0.105
-0.386 -0.089 -0.252 0.057
-0.388 -0.079 -0.253 0.025
-0.389 -0.106 -0.251 -0.007
-0.388 -0.084 -0.251 0.099
-0.390 -0.100 -0.250 0.044
-0.391 -0.129 -0.248 -0.010
-0.391 -0.077 -0.251 0.014
-0.392 -0.080 -0.251 0.048
-0.392 -0.074 -0.251 0.058
-0.393 -0.081 -0.249 -0.001
-0.393 -0.112 -0.246 0.022
-0.393 -0.080 -0.248 0.096
-0.393 -0.081 -0.247 0.095
-0.395 -0.085 -0.249 -0.012
-0.396 -0.076 -0.250 -0.029
-0.396 -0.083 -0.246 0.008
-0.397 -0.072 -0.248 -0.003
-0.397 -0.106 -0.244 -0.019
-0.397 -0.087 -0.244 0.030
-0.397 -0.103 -0.244 0.026
-0.396 -0.102 -0.245 0.031
-0.395 -0.093 -0.247 0.085
-0.395 -0.089 -0.247 0.073
-0.395 -0.083 -0.248 0.021
-0.395 -0.129 -0.245 0.012
-0.394 -0.080 -0.249 0.101
-0.396 -0.103 -0.246 0.058
-0.396 -0.088 -0.248 0.089
-0.397 -0.092 -0.249 0.022
-0.396 -0.079 -0.250 0.085
-0.397 -0.090 -0.250 0.056
-0.396 -0.085 -0.251 0.083
-0.397 -0.099 -0.251 0.068
-0.396 -0.078 -0.255 0.090
-0.395 -0.124 -0.253 0.051
-0.395 -0.104 -0.256 0.042
-0.395 -0.099 -0.258 0.062
-0.398 -0.083 -0.261 0.008
-0.396 -0.108 -0.258 0.088
-0.397 -0.111 -0.258 0.033
-0.398 -0.081 -0.262 0.068
-0.398 -0.102 -0.260 0.071
-0.398 -0.095 -0.264 0.051
-0.401 -0.098 -0.264 0.007
-0.399 -0.084 -0.264 0.123
-0.400 -0.096 -0.265 0.055
-0.402 -0.104 -0.265 0.023
-0.401 -0.086 -0.266 0.103
-0.402 -0.109 -0.266 0.057
-0.402 -0.096 -0.265 0.094
-0.404 -0.086 -0.268 0.045
-0.405 -0.075 -0.269 0.054
-0.407 -0.091 -0.268 0.022
-0.407 -0.111 -0.265 0.045
-0.408 -0.095 -0.266 0.048
-0.409 -0.095 -0.267 0.043
-0.410 -0.107 -0.266 0.027
-0.410 -0.087 -0.267 0.097
-0.411 -0.075 -0.268 0.111
-0.412 -0.114 -0.264 0.041
-0.414 -0.108 -0.265 0.042
-0.414 -0.085 -0.266 0.093
-0.415 -0.104 -0.262 0.096
-0.415 -0.120 -0.261 0.020
-0.417 -0.073 -0.267 0.023
-0.418 -0.079 -0.264 0.102
-0.417 -0.105 -0.261 0.073
-0.420 -0.072 -0.265 0.031
-0.420 -0.074 -0.263 0.043
-0.418 -0.093 -0.261 0.084
-0.419 -0.121 -0.257 0.087
-0.423 -0.076 -0.262 0.028
-0.423 -0.079 -0.262 0.000
-0.421 -0.083 -0.262 0.043
-0.421 -0.069 -0.263 0.075
-0.420 -0.092 -0.260 0.084
-0.421 -0.103 -0.258 0.059
-0.423 -0.051 -0.264 0.087
-0.422 -0.075 -0.260 0.083
-0.422 -0.106 -0.257 0.060
-0.422 -0.102 -0.259 0.024
-0.421 -0.111 -0.257 0.008
-0.419 -0.164 -0.251 0.052
-0.421 -0.107 -0.259 0.050
-0.421 -0.092 -0.261 0.028
-0.422 -0.080 -0.264 0.076
-0.424 -0.037 -0.269 0.037
-0.422 -0.068 -0.265 0.048
-0.422 -0.062 -0.267 0.069
-0.422 -0.074 -0.265 0.073
-0.422 -0.054 -0.271 0.069
-0.420 -0.096 -0.265 0.069
-0.422 -0.061 -0.271 0.053
-0.423 -0.051 -0.272 0.112
-0.423 -0.074 -0.271 0.032
-0.423 -0.054 -0.275 0.059
-0.424 -0.058 -0.277 0.022
-0.422 -0.087 -0.273 0.087
-0.420 -0.134 -0.267 0.104
-0.422 -0.115 -0.271 0.050
-0.423 -0.117 -0.270 0.094
-0.425 -0.076 -0.278 0.017
-0.422 -0.110 -0.275 0.098
-0.425 -0.123 -0.273 0.047
-0.426 -0.098 -0.277 0.065
-0.424 -0.109 -0.276 0.107
-0.426 -0.119 -0.275 0.061
-0.429 -0.067 -0.283 0.058
-0.429 -0.105 -0.279 0.044
-0.430 -0.087 -0.281 0.028
-0.431 -0.098 -0.281 0.053
-0.431 -0.109 -0.278 0.040
-0.431 -0.110 -0.279 0.051
-0.434 -0.079 -0.282 0.051
-0.436 -0.086 -0.281 0.050
-0.438 -0.079 -0.282 0.026
-0.435 -0.109 -0.277 0.085
-0.437 -0.107 -0.277 0.058
-0.437 -0.107 -0.275 0.118
-0.440 -0.098 -0.278 0.004
-0.439 -0.114 -0.274 0.077
-0.440 -0.105 -0.275 0.064
-0.445 -0.073 -0.280 -0.010
-0.443 -0.088 -0.276 0.098
-0.442 -0.120 -0.272 0.068
-0.447 -0.071 -0.277 -0.016
-0.442 -0.116 -0.270 0.091
-0.446 -0.090 -0.274 0.082
-0.451 -0.041 -0.280 0.017
-0.446 -0.089 -0.273 0.095
-0.443 -0.134 -0.266 0.105
-0.444 -0.151 -0.265 0.010
-0.448 -0.105 -0.271 -0.066
-0.451 -0.062 -0.275 0.016
-0.451 -0.087 -0.272 -0.065
-0.451 -0.080 -0.273 -0.055
-0.449 -0.106 -0.269 0.001
-0.449 -0.095 -0.270 0.018
-0.447 -0.114 -0.269 0.051
-0.447 -0.092 -0.271 0.069
-0.448 -0.104 -0.271 -0.011
-0.445 -0.128 -0.267 0.052
-0.447 -0.104 -0.271 0.050
-0.444 -0.142 -0.265 0.047
-0.447 -0.093 -0.275 0.015
-0.444 -0.117 -0.272 0.073
-0.442 -0.155 -0.269 0.047
-0.447 -0.095 -0.278 0.035
-0.448 -0.085 -0.279 0.038
-0.447 -0.064 -0.283 0.085
-0.445 -0.090 -0.281 0.095
-0.443 -0.116 -0.279 0.063
-0.443 -0.107 -0.281 0.096
-0.443 -0.114 -0.283 0.060
-0.444 -0.110 -0.285 0.055
-0.444 -0.103 -0.286 0.093
-0.442 -0.135 -0.283 0.085
-0.445 -0.120 -0.287 0.041
-0.448 -0.068 -0.296 0.116
-0.444 -0.140 -0.284 0.083
-0.447 -0.103 -0.293 0.085
-0.447 -0.120 -0.292 0.021
-0.448 -0.108 -0.294 0.063
-0.447 -0.113 -0.294 0.099
-0.451 -0.104 -0.297 0.022
-0.451 -0.102 -0.297 0.049
-0.452 -0.098 -0.299 0.091
-0.450 -0.131 -0.294 0.081
-0.454 -0.105 -0.296 0.100
-0.453 -0.115 -0.296 0.118
-0.456 -0.104 -0.299 0.043
-0.460 -0.084 -0.300 0.042
-0.458 -0.124 -0.294 0.029
-0.456 -0.135 -0.292 0.065
-0.462 -0.103 -0.295 0.045
-0.461 -0.103 -0.295 0.085
-0.463 -0.120 -0.293 0.020
-0.463 -0.129 -0.290 0.051
-0.466 -0.112 -0.292 -0.004
-0.466 -0.118 -0.290 0.045
-0.466 -0.127 -0.288 0.022
-0.470 -0.106 -0.290 -0.017
-0.469 -0.116 -0.287 0.056
-0.470 -0.122 -0.285 0.007
-0.468 -0.152 -0.280 -0.008
-0.471 -0.133 -0.280 0.012
-0.473 -0.119 -0.283 0.021
-0.474 -0.124 -0.281 -0.003
-0.473 -0.133 -0.278 -0.026
-0.476 -0.106 -0.282 -0.012
-0.471 -0.147 -0.276 0.005
-0.472 -0.154 -0.272 0.004
-0.474 -0.156 -0.271 -0.079
-0.478 -0.129 -0.274 -0.068
-0.472 -0.183 -0.267 -0.113
-0.472 -0.146 -0.273 0.022
-0.472 -0.139 -0.275 0.027
-0.470 -0.131 -0.276 0.001
-0.463 -0.170 -0.270 -0.034
-0.462 -0.125 -0.275 -0.020
-0.457 -0.134 -0.272 -0.037
-0.454 -0.133 -0.270 -0.025
-0.455 -0.108 -0.271 -0.022
-0.452 -0.157 -0.261 -0.105
-0.452 -0.132 -0.258 -0.093
-0.451 -0.177 -0.244 -0.177
-0.451 -0.155 -0.235 -0.185
-0.450 -0.158 -0.222 -0.097
-0.454 -0.143 -0.211 -0.296
-0.452 -0.180 -0.192 -0.336
-0.454 -0.153 -0.177 -0.428
-0.450 -0.192 -0.158 -0.475
-0.450 -0.206 -0.142 -0.577
-0.453 -0.161 -0.114 -0.639
-0.451 -0.177 -0.091 -0.718
-0.450 -0.183 -0.068 -0.807
-0.451 -0.191 -0.041 -0.917
-0.451 -0.183 -0.011 -1.047
-0.452 -0.183 0.021 -1.116
-0.453 -0.167 0.062 -1.186
-0.454 -0.158 0.104 -1.292
