-0.000 -1.003 -0.012 6.276
-0.000 -1.003 -0.012 6.276
-0.000 -1.003 -0.012 6.276
-0.000 -1.003 -0.011 6.276
-0.000 -1.003 -0.011 6.276
0.000 -1.003 -0.011 6.276
0.000 -1.002 -0.011 6.276
0.000 -1.001 -0.011 6.276
0.000 -1.000 -0.011 6.276
0.001 -0.998 -0.011 6.276
0.001 -0.996 -0.011 6.276
0.001 -0.993 -0.011 6.276
0.002 -0.989 -0.011 6.276
0.002 -0.985 -0.011 6.277
0.003 -0.980 -0.011 6.277
0.003 -0.975 -0.011 6.277
0.004 -0.968 -0.011 6.277
0.004 -0.961 -0.011 6.278
0.005 -0.953 -0.011 6.278
0.005 -0.945 -0.011 6.278
0.006 -0.936 -0.012 6.279
0.006 -0.926 -0.012 6.279
0.007 -0.916 -0.012 6.279
0.007 -0.905 -0.012 6.279
0.008 -0.893 -0.012 6.279
0.008 -0.882 -0.012 6.280
0.009 -0.870 -0.012 6.280
0.009 -0.857 -0.012 6.280
0.010 -0.845 -0.012 6.280
0.010 -0.832 -0.012 6.280
0.010 -0.819 -0.012 6.280
0.011 -0.807 -0.012 6.280
0.011 -0.794 -0.012 6.280
0.011 -0.782 -0.012 6.280
0.011 -0.770 -0.012 6.281
0.011 -0.758 -0.012 6.281
0.011 -0.747 -0.012 6.281
0.011 -0.736 -0.012 6.281
0.011 -0.726 -0.012 6.281
0.011 -0.717 -0.012 6.281
0.011 -0.708 -0.011 6.281
0.010 -0.700 -0.011 6.281
0.010 -0.692 -0.011 6.281
0.009 -0.686 -0.011 6.281
0.009 -0.680 -0.011 6.281
0.008 -0.676 -0.011 6.281
0.007 -0.672 -0.011 6.281
0.007 -0.668 -0.011 6.281
0.006 -0.666 -0.011 6.282
0.005 -0.664 -0.011 6.282
0.004 -0.663 -0.011 6.282
0.004 -0.663 -0.010 6.282
0.003 -0.664 -0.010 6.282
0.002 -0.665 -0.010 6.283
0.001 -0.666 -0.010 6.283
-0.000 -0.668 -0.010 6.283
-0.001 -0.670 -0.010 0.000
-0.002 -0.673 -0.010 0.000
-0.003 -0.676 -0.009 0.001
-0.003 -0.679 -0.009 0.001
-0.004 -0.682 -0.009 0.001
-0.005 -0.685 -0.009 0.002
-0.005 -0.687 -0.009 0.002
-0.006 -0.690 -0.009 0.002
-0.006 -0.692 -0.009 0.002
-0.007 -0.694 -0.008 0.003
-0.007 -0.695 -0.008 0.003
-0.007 -0.696 -0.008 0.003
-0.007 -0.696 -0.008 0.003
-0.007 -0.696 -0.008 0.004
-0.007 -0.695 -0.008 0.004
-0.007 -0.693 -0.008 0.004
-0.007 -0.691 -0.007 0.004
-0.007 -0.687 -0.007 0.004
-0.007 -0.683 -0.007 0.004
-0.006 -0.679 -0.007 0.004
-0.006 -0.673 -0.007 0.004
-0.005 -0.667 -0.007 0.004
-0.004 -0.660 -0.007 0.005
-0.004 -0.652 -0.007 0.005
-0.003 -0.644 -0.007 0.004
-0.002 -0.635 -0.007 0.004
-0.001 -0.625 -0.007 0.004
-0.001 -0.616 -0.007 0.004
0.000 -0.605 -0.007 0.004
0.001 -0.595 -0.007 0.004
0.002 -0.584 -0.007 0.004
0.003 -0.573 -0.007 0.004
0.003 -0.562 -0.007 0.004
0.004 -0.551 -0.008 0.004
0.005 -0.540 -0.008 0.003
0.005 -0.529 -0.008 0.003
0.006 -0.518 -0.008 0.003
0.006 -0.508 -0.008 0.003
0.007 -0.499 -0.008 0.003
0.007 -0.489 -0.008 0.003
0.007 -0.481 -0.008 0.003
0.007 -0.473 -0.008 0.002
0.007 -0.466 -0.007 0.002
0.007 -0.459 -0.007 0.002
0.007 -0.453 -0.007 0.002
0.007 -0.449 -0.007 0.002
0.006 -0.445 -0.007 0.002
0.006 -0.441 -0.007 0.002
0.005 -0.439 -0.007 0.002
0.005 -0.438 -0.007 0.002
0.004 -0.437 -0.007 0.002
0.003 -0.437 -0.007 0.002
0.002 -0.438 -0.007 0.002
0.001 -0.440 -0.007 0.002
0.001 -0.442 -0.007 0.002
-0.000 -0.445 -0.007 0.002
-0.001 -0.448 -0.007 0.002
-0.002 -0.452 -0.007 0.002
-0.003 -0.457 -0.007 0.002
-0.004 -0.461 -0.007 0.002
-0.005 -0.466 -0.007 0.002
-0.006 -0.471 -0.007 0.002
-0.007 -0.476 -0.007 0.002
-0.008 -0.481 -0.007 0.002
-0.008 -0.486 -0.007 0.002
-0.009 -0.490 -0.007 0.002
-0.009 -0.495 -0.007 0.002
-0.010 -0.498 -0.007 0.002
-0.010 -0.501 -0.007 0.002
-0.010 -0.504 -0.007 0.002
-0.010 -0.506 -0.006 0.002
-0.010 -0.507 -0.006 0.002
-0.010 -0.508 -0.006 0.002
-0.010 -0.507 -0.006 0.002
-0.009 -0.506 -0.006 0.002
-0.009 -0.504 -0.006 0.002
-0.008 -0.501 -0.006 0.002
-0.007 -0.497 -0.005 0.002
-0.006 -0.493 -0.005 0.001
-0.005 -0.487 -0.005 0.001
-0.004 -0.481 -0.005 0.001
-0.003 -0.473 -0.005 0.001
-0.002 -0.466 -0.005 0.001
-0.001 -0.457 -0.005 0.001
0.000 -0.448 -0.004 0.000
0.001 -0.438 -0.004 0.000
0.002 -0.428 -0.004 0.000
0.004 -0.417 -0.004 6.283
0.005 -0.406 -0.004 6.283
0.006 -0.395 -0.004 6.283
0.007 -0.384 -0.004 6.282
0.008 -0.373 -0.003 6.282
0.009 -0.362 -0.003 6.282
0.010 -0.351 -0.003 6.282
0.011 -0.341 -0.003 6.282
0.011 -0.331 -0.003 6.282
0.012 -0.321 -0.003 6.282
0.012 -0.312 -0.003 6.282
0.012 -0.304 -0.003 6.282
0.013 -0.297 -0.003 6.282
0.012 -0.290 -0.003 6.282
0.012 -0.284 -0.003 6.282
0.012 -0.280 -0.003 6.282
0.012 -0.276 -0.003 6.282
0.011 -0.273 -0.003 6.282
0.010 -0.271 -0.003 6.282
0.009 -0.270 -0.003 6.282
0.008 -0.270 -0.003 6.282
0.007 -0.272 -0.003 6.282
0.006 -0.274 -0.003 6.283
0.005 -0.277 -0.003 6.283
0.003 -0.281 -0.004 6.283
0.002 -0.286 -0.004 0.000
0.000 -0.291 -0.004 0.000
-0.001 -0.297 -0.004 0.001
-0.003 -0.304 -0.004 0.001
-0.004 -0.311 -0.004 0.001
-0.006 -0.318 -0.005 0.001
-0.007 -0.326 -0.005 0.002
-0.009 -0.334 -0.005 0.002
-0.010 -0.342 -0.005 0.002
-0.011 -0.349 -0.005 0.003
-0.012 -0.357 -0.005 0.003
-0.013 -0.364 -0.005 0.003
-0.014 -0.370 -0.005 0.003
-0.015 -0.376 -0.005 0.004
-0.016 -0.381 -0.005 0.004
-0.016 -0.386 -0.005 0.004
-0.016 -0.389 -0.005 0.004
-0.017 -0.392 -0.004 0.004
-0.016 -0.393 -0.004 0.004
-0.016 -0.394 -0.004 0.004
-0.016 -0.393 -0.004 0.004
-0.015 -0.392 -0.004 0.004
-0.014 -0.389 -0.003 0.004
-0.013 -0.385 -0.003 0.004
-0.012 -0.380 -0.003 0.004
-0.011 -0.374 -0.003 0.004
-0.009 -0.367 -0.003 0.003
-0.008 -0.359 -0.003 0.003
-0.006 -0.350 -0.003 0.003
-0.004 -0.340 -0.002 0.003
-0.002 -0.329 -0.002 0.002
-0.001 -0.318 -0.002 0.002
0.001 -0.306 -0.002 0.002
0.003 -0.294 -0.002 0.001
0.005 -0.282 -0.002 0.001
0.007 -0.269 -0.002 0.000
0.009 -0.256 -0.002 0.000
0.011 -0.243 -0.002 6.283
0.012 -0.231 -0.002 6.282
0.014 -0.219 -0.002 6.282
0.015 -0.207 -0.002 6.282
0.016 -0.196 -0.002 6.281
0.018 -0.186 -0.002 6.281
0.018 -0.176 -0.002 6.281
0.019 -0.168 -0.002 6.281
0.020 -0.160 -0.002 6.280
0.020 -0.153 -0.003 6.280
0.020 -0.148 -0.003 6.280
0.020 -0.144 -0.003 6.280
0.019 -0.141 -0.003 6.280
0.018 -0.140 -0.003 6.280
0.018 -0.139 -0.003 6.280
0.017 -0.140 -0.003 6.280
0.015 -0.143 -0.004 6.280
0.014 -0.146 -0.004 6.280
0.012 -0.151 -0.004 6.280
0.010 -0.157 -0.004 6.280
0.008 -0.165 -0.004 6.280
0.006 -0.173 -0.005 6.280
0.004 -0.182 -0.005 6.281
0.002 -0.192 -0.005 6.281
-0.000 -0.202 -0.005 6.281
-0.003 -0.213 -0.005 6.281
-0.005 -0.224 -0.005 6.282
-0.007 -0.236 -0.006 6.282
-0.009 -0.247 -0.006 6.282
-0.011 -0.259 -0.006 6.283
-0.014 -0.270 -0.006 6.283
-0.015 -0.280 -0.006 0.000
-0.017 -0.291 -0.005 0.001
-0.019 -0.300 -0.005 0.001
-0.020 -0.308 -0.005 0.001
-0.021 -0.316 -0.005 0.002
-0.022 -0.322 -0.005 0.002
-0.023 -0.327 -0.004 0.002
-0.023 -0.331 -0.004 0.002
-0.024 -0.333 -0.004 0.003
-0.023 -0.334 -0.004 0.003
-0.023 -0.334 -0.003 0.003
-0.022 -0.332 -0.003 0.003
-0.022 -0.328 -0.003 0.003
-0.020 -0.323 -0.003 0.003
-0.019 -0.317 -0.002 0.003
-0.017 -0.309 -0.002 0.003
-0.015 -0.299 -0.002 0.003
-0.013 -0.289 -0.002 0.003
-0.011 -0.277 -0.002 0.003
-0.009 -0.264 -0.002 0.003
-0.006 -0.250 -0.002 0.003
-0.003 -0.236 -0.002 0.003
-0.001 -0.221 -0.002 0.003
0.002 -0.205 -0.002 0.003
0.005 -0.189 -0.002 0.002
0.008 -0.172 -0.002 0.002
0.010 -0.156 -0.002 0.002
0.013 -0.140 -0.002 0.001
0.015 -0.125 -0.002 0.001
0.018 -0.110 -0.002 0.001
0.020 -0.095 -0.002 0.000
0.022 -0.082 -0.002 0.000
0.023 -0.070 -0.002 6.283
0.025 -0.059 -0.002 6.283
0.026 -0.049 -0.002 6.282
0.027 -0.041 -0.002 6.282
0.027 -0.034 -0.002 6.282
0.028 -0.029 -0.002 6.282
0.028 -0.026 -0.002 6.281
0.027 -0.024 -0.003 6.281
0.026 -0.025 -0.003 6.281
0.025 -0.027 -0.003 6.281
0.024 -0.031 -0.003 6.281
0.022 -0.037 -0.004 6.280
0.020 -0.045 -0.004 6.280
0.018 -0.055 -0.004 6.280
0.016 -0.066 -0.005 6.280
0.013 -0.078 -0.005 6.280
0.010 -0.092 -0.006 6.280
0.007 -0.107 -0.006 6.280
0.004 -0.123 -0.006 6.280
0.001 -0.140 -0.007 6.280
-0.003 -0.157 -0.007 6.280
-0.006 -0.174 -0.007 6.280
-0.009 -0.192 -0.007 6.280
-0.013 -0.210 -0.007 6.281
-0.016 -0.227 -0.008 6.281
-0.019 -0.243 -0.008 6.281
-0.021 -0.259 -0.007 6.281
-0.024 -0.273 -0.007 6.281
-0.026 -0.287 -0.007 6.281
-0.028 -0.298 -0.007 6.282
-0.030 -0.309 -0.007 6.282
-0.031 -0.317 -0.006 6.282
-0.032 -0.324 -0.006 6.282
-0.033 -0.328 -0.005 6.282
-0.033 -0.330 -0.005 6.282
-0.033 -0.331 -0.005 6.283
-0.032 -0.329 -0.004 6.283
-0.031 -0.324 -0.004 6.283
-0.030 -0.318 -0.004 6.283
-0.028 -0.309 -0.003 0.000
-0.026 -0.299 -0.003 0.000
-0.024 -0.286 -0.003 0.000
-0.021 -0.271 -0.003 0.000
-0.018 -0.255 -0.002 0.001
-0.015 -0.237 -0.002 0.001
-0.011 -0.218 -0.002 0.001
-0.008 -0.197 -0.002 0.001
-0.004 -0.176 -0.002 0.001
-0.000 -0.154 -0.002 0.001
0.004 -0.131 -0.002 0.001
0.008 -0.108 -0.002 0.001
0.012 -0.085 -0.002 0.001
0.015 -0.063 -0.002 0.001
0.019 -0.041 -0.002 0.001
0.023 -0.020 -0.002 0.000
0.026 0.000 -0.002 0.000
0.029 0.019 -0.002 0.000
0.032 0.036 -0.002 0.000
0.034 0.052 -0.002 6.283
0.036 0.065 -0.002 6.283
0.038 0.077 -0.002 6.283
0.039 0.086 -0.002 6.283
0.040 0.092 -0.002 6.282
0.040 0.096 -0.002 6.282
0.040 0.097 -0.003 6.282
0.039 0.095 -0.003 6.282
0.038 0.090 -0.003 6.282
0.036 0.083 -0.004 6.282
0.034 0.073 -0.005 6.281
0.032 0.060 -0.005 6.281
0.029 0.045 -0.006 6.281
0.025 0.027 -0.007 6.281
0.022 0.007 -0.008 6.281
0.018 -0.015 -0.008 6.281
0.013 -0.038 -0.009 6.281
0.009 -0.063 -0.010 6.281
0.004 -0.090 -0.011 6.280
-0.001 -0.117 -0.011 6.280
-0.006 -0.145 -0.012 6.280
-0.011 -0.172 -0.012 6.280
-0.015 -0.200 -0.012 6.280
-0.020 -0.227 -0.012 6.280
-0.025 -0.252 -0.012 6.280
-0.029 -0.277 -0.012 6.280
-0.033 -0.300 -0.012 6.280
-0.036 -0.320 -0.011 6.280
-0.040 -0.339 -0.011 6.280
-0.042 -0.355 -0.010 6.280
-0.045 -0.368 -0.009 6.281
-0.047 -0.378 -0.009 6.281
-0.048 -0.385 -0.008 6.281
-0.049 -0.389 -0.007 6.281
-0.049 -0.389 -0.006 6.281
-0.048 -0.386 -0.006 6.281
-0.047 -0.380 -0.005 6.281
-0.046 -0.370 -0.004 6.281
-0.044 -0.357 -0.004 6.282
-0.041 -0.340 -0.004 6.282
-0.038 -0.321 -0.003 6.282
-0.034 -0.299 -0.003 6.282
-0.030 -0.274 -0.003 6.282
-0.025 -0.246 -0.003 6.283
-0.020 -0.217 -0.003 6.283
-0.015 -0.185 -0.003 6.283
-0.010 -0.152 -0.003 0.000
-0.004 -0.118 -0.003 0.000
0.002 -0.084 -0.003 0.000
0.008 -0.049 -0.003 0.001
