-0.400 -2.000 0.299 0.300
-0.400 -2.000 0.299 0.300
-0.400 -2.000 0.299 0.300
-0.400 -2.000 0.299 0.300
-0.400 -2.000 0.299 0.300
-0.400 -2.000 0.299 0.299
-0.399 -1.999 0.298 0.298
-0.399 -1.998 0.298 0.297
-0.398 -1.997 0.297 0.296
-0.397 -1.994 0.296 0.294
-0.395 -1.990 0.295 0.292
-0.393 -1.985 0.294 0.290
-0.390 -1.979 0.293 0.287
-0.386 -1.972 0.292 0.285
-0.383 -1.963 0.290 0.281
-0.379 -1.953 0.289 0.278
-0.374 -1.942 0.287 0.274
-0.370 -1.930 0.285 0.270
-0.365 -1.918 0.283 0.265
-0.360 -1.904 0.282 0.260
-0.355 -1.890 0.280 0.255
-0.350 -1.874 0.278 0.249
-0.345 -1.859 0.276 0.244
-0.340 -1.842 0.274 0.238
-0.336 -1.825 0.272 0.232
-0.331 -1.808 0.270 0.225
-0.327 -1.791 0.268 0.219
-0.323 -1.773 0.266 0.212
-0.320 -1.756 0.265 0.205
-0.317 -1.738 0.263 0.199
-0.315 -1.721 0.261 0.192
-0.313 -1.704 0.260 0.185
-0.312 -1.688 0.258 0.178
-0.311 -1.672 0.256 0.172
-0.311 -1.657 0.255 0.165
-0.311 -1.642 0.254 0.159
-0.311 -1.629 0.252 0.152
-0.313 -1.616 0.251 0.146
-0.314 -1.604 0.249 0.140
-0.316 -1.593 0.248 0.135
-0.318 -1.584 0.247 0.129
-0.321 -1.575 0.246 0.124
-0.324 -1.567 0.244 0.119
-0.327 -1.561 0.243 0.114
-0.330 -1.555 0.242 0.110
-0.333 -1.551 0.241 0.106
-0.336 -1.547 0.239 0.102
-0.339 -1.545 0.238 0.099
-0.342 -1.543 0.237 0.095
-0.345 -1.542 0.236 0.092
-0.348 -1.542 0.235 0.090
-0.350 -1.543 0.234 0.087
-0.352 -1.544 0.233 0.085
-0.353 -1.546 0.232 0.084
-0.354 -1.548 0.230 0.082
-0.355 -1.550 0.229 0.081
-0.355 -1.553 0.228 0.080
-0.354 -1.555 0.227 0.079
-0.354 -1.558 0.226 0.078
-0.352 -1.560 0.225 0.078
-0.350 -1.563 0.224 0.077
-0.348 -1.564 0.223 0.077
-0.345 -1.566 0.222 0.077
-0.342 -1.567 0.221 0.077
-0.338 -1.567 0.220 0.077
-0.334 -1.567 0.218 0.077
-0.329 -1.566 0.217 0.078
-0.325 -1.564 0.216 0.078
-0.320 -1.562 0.215 0.078
-0.314 -1.558 0.214 0.078
-0.309 -1.554 0.213 0.079
-0.303 -1.549 0.212 0.079
-0.297 -1.543 0.210 0.079
-0.292 -1.537 0.209 0.079
-0.286 -1.529 0.208 0.079
-0.280 -1.521 0.207 0.079
-0.274 -1.511 0.206 0.079
-0.269 -1.502 0.204 0.079
-0.264 -1.491 0.203 0.078
-0.259 -1.480 0.202 0.078
-0.254 -1.468 0.201 0.077
-0.250 -1.456 0.200 0.076
-0.246 -1.443 0.199 0.075
-0.242 -1.430 0.198 0.074
-0.239 -1.417 0.197 0.073
-0.236 -1.404 0.196 0.071
-0.234 -1.390 0.195 0.070
-0.232 -1.377 0.194 0.068
-0.231 -1.364 0.193 0.067
-0.230 -1.351 0.192 0.065
-0.230 -1.338 0.191 0.063
-0.230 -1.325 0.191 0.061
-0.230 -1.313 0.190 0.059
-0.231 -1.302 0.189 0.057
-0.233 -1.291 0.188 0.055
-0.234 -1.280 0.188 0.052
-0.236 -1.271 0.187 0.050
-0.238 -1.262 0.186 0.048
-0.241 -1.253 0.185 0.046
-0.243 -1.246 0.185 0.044
-0.246 -1.239 0.184 0.042
-0.249 -1.233 0.183 0.039
-0.252 -1.228 0.182 0.037
-0.255 -1.223 0.182 0.035
-0.258 -1.220 0.181 0.033
-0.260 -1.217 0.180 0.032
-0.263 -1.215 0.179 0.030
-0.265 -1.213 0.178 0.028
-0.267 -1.212 0.178 0.027
-0.269 -1.211 0.177 0.025
-0.270 -1.211 0.176 0.024
-0.272 -1.211 0.175 0.022
-0.272 -1.212 0.174 0.021
-0.273 -1.213 0.173 0.020
-0.273 -1.214 0.172 0.019
-0.273 -1.215 0.171 0.018
-0.272 -1.216 0.171 0.018
-0.271 -1.217 0.170 0.017
-0.269 -1.218 0.169 0.016
-0.267 -1.219 0.168 0.016
-0.265 -1.220 0.167 0.016
-0.262 -1.220 0.166 0.015
-0.259 -1.220 0.165 0.015
-0.256 -1.219 0.164 0.015
-0.253 -1.219 0.164 0.015
-0.249 -1.217 0.163 0.015
-0.245 -1.215 0.162 0.015
-0.241 -1.213 0.161 0.015
-0.236 -1.210 0.160 0.016
-0.232 -1.206 0.160 0.016
-0.228 -1.202 0.159 0.016
-0.223 -1.197 0.158 0.016
-0.219 -1.192 0.157 0.017
-0.215 -1.186 0.157 0.017
-0.210 -1.179 0.156 0.017
-0.206 -1.172 0.155 0.017
-0.202 -1.165 0.155 0.018
-0.198 -1.157 0.154 0.018
-0.195 -1.148 0.153 0.018
-0.192 -1.139 0.152 0.018
-0.189 -1.130 0.152 0.018
-0.186 -1.121 0.151 0.019
-0.184 -1.112 0.150 0.019
-0.182 -1.102 0.149 0.019
-0.180 -1.092 0.149 0.019
-0.179 -1.083 0.148 0.018
-0.178 -1.073 0.147 0.018
-0.177 -1.063 0.146 0.018
-0.176 -1.054 0.146 0.018
-0.176 -1.045 0.145 0.017
-0.177 -1.036 0.144 0.017
-0.177 -1.027 0.144 0.016
-0.178 -1.019 0.143 0.016
-0.179 -1.011 0.142 0.015
-0.180 -1.004 0.141 0.015
-0.182 -0.997 0.141 0.014
-0.183 -0.990 0.140 0.013
-0.185 -0.984 0.139 0.013
-0.187 -0.979 0.138 0.012
-0.188 -0.974 0.138 0.011
-0.190 -0.969 0.137 0.010
-0.192 -0.965 0.136 0.010
-0.194 -0.962 0.135 0.009
-0.196 -0.959 0.135 0.008
-0.197 -0.956 0.134 0.007
-0.199 -0.954 0.133 0.006
-0.200 -0.953 0.133 0.006
-0.202 -0.952 0.132 0.005
-0.203 -0.951 0.131 0.004
-0.203 -0.950 0.131 0.004
-0.204 -0.950 0.130 0.003
-0.204 -0.950 0.130 0.002
-0.204 -0.950 0.129 0.002
-0.204 -0.950 0.128 0.001
-0.203 -0.950 0.128 0.000
-0.203 -0.950 0.127 6.283
-0.202 -0.951 0.127 6.283
-0.200 -0.951 0.126 6.282
-0.199 -0.951 0.126 6.282
-0.197 -0.951 0.125 6.282
-0.195 -0.950 0.125 6.281
-0.193 -0.950 0.124 6.281
-0.190 -0.949 0.124 6.281
-0.188 -0.947 0.123 6.281
-0.185 -0.946 0.122 6.281
-0.182 -0.944 0.122 6.281
-0.179 -0.942 0.121 6.281
-0.176 -0.939 0.121 6.281
-0.173 -0.936 0.120 6.281
-0.170 -0.932 0.120 6.281
-0.167 -0.928 0.119 6.282
-0.164 -0.924 0.119 6.282
-0.161 -0.919 0.118 6.282
-0.158 -0.914 0.117 6.282
-0.155 -0.909 0.117 6.283
-0.153 -0.903 0.116 6.283
-0.150 -0.897 0.116 6.283
-0.148 -0.891 0.115 0.000
-0.146 -0.884 0.115 0.000
-0.144 -0.877 0.114 0.001
-0.142 -0.871 0.114 0.001
-0.140 -0.863 0.113 0.001
-0.139 -0.856 0.113 0.001
-0.138 -0.849 0.112 0.001
-0.137 -0.842 0.112 0.001
-0.137 -0.835 0.111 0.001
-0.136 -0.828 0.111 0.002
-0.136 -0.821 0.110 0.002
-0.136 -0.814 0.110 0.002
-0.136 -0.808 0.109 0.002
-0.137 -0.801 0.109 0.002
-0.137 -0.795 0.108 0.002
-0.138 -0.789 0.108 0.002
-0.139 -0.784 0.107 0.002
-0.140 -0.779 0.107 0.001
-0.141 -0.774 0.106 0.001
-0.142 -0.770 0.106 0.001
-0.143 -0.765 0.105 0.001
-0.145 -0.762 0.105 0.001
-0.146 -0.758 0.104 0.001
-0.147 -0.755 0.103 0.001
-0.149 -0.753 0.103 0.001
-0.150 -0.751 0.102 0.001
-0.151 -0.749 0.102 0.000
-0.152 -0.747 0.101 0.000
-0.153 -0.746 0.101 0.000
-0.154 -0.745 0.100 0.000
-0.154 -0.744 0.099 6.283
-0.155 -0.743 0.099 6.283
-0.155 -0.743 0.098 6.283
-0.155 -0.742 0.098 6.283
-0.156 -0.742 0.097 6.283
-0.155 -0.742 0.097 6.283
-0.155 -0.742 0.096 6.283
-0.154 -0.742 0.096 6.283
-0.154 -0.742 0.095 6.283
-0.153 -0.741 0.095 6.283
-0.152 -0.741 0.094 6.283
-0.151 -0.741 0.094 6.283
-0.149 -0.740 0.093 6.283
-0.148 -0.739 0.093 6.283
-0.146 -0.738 0.092 6.283
-0.144 -0.737 0.092 6.283
-0.142 -0.736 0.092 6.283
-0.140 -0.734 0.091 6.283
-0.138 -0.732 0.091 6.283
-0.136 -0.730 0.091 6.283
-0.134 -0.727 0.090 6.283
-0.132 -0.724 0.090 6.283
-0.129 -0.721 0.090 6.283
-0.127 -0.717 0.089 6.283
-0.125 -0.714 0.089 6.283
-0.123 -0.710 0.088 6.283
-0.121 -0.705 0.088 6.283
-0.119 -0.701 0.088 6.283
-0.117 -0.696 0.087 6.283
-0.115 -0.691 0.087 6.283
-0.114 -0.686 0.087 6.283
-0.112 -0.681 0.086 6.283
-0.111 -0.676 0.086 6.283
-0.110 -0.670 0.085 6.283
-0.109 -0.665 0.085 6.283
-0.108 -0.660 0.085 6.283
-0.107 -0.654 0.084 6.283
-0.107 -0.649 0.084 6.283
-0.106 -0.643 0.084 6.283
-0.106 -0.638 0.083 6.283
-0.106 -0.633 0.083 6.283
-0.106 -0.628 0.082 6.283
-0.106 -0.623 0.082 6.283
-0.107 -0.619 0.082 6.283
-0.107 -0.614 0.081 6.283
-0.108 -0.610 0.081 6.283
-0.109 -0.606 0.080 6.282
-0.109 -0.603 0.080 6.282
-0.110 -0.600 0.080 6.282
-0.111 -0.597 0.079 6.282
-0.112 -0.594 0.079 6.282
-0.113 -0.591 0.078 6.282
-0.114 -0.589 0.078 6.282
-0.114 -0.587 0.077 6.282
-0.115 -0.585 0.077 6.282
-0.116 -0.584 0.077 6.281
-0.117 -0.583 0.076 6.281
-0.117 -0.582 0.076 6.281
-0.118 -0.581 0.075 6.281
-0.118 -0.581 0.075 6.281
-0.119 -0.580 0.074 6.281
-0.119 -0.580 0.074 6.281
-0.119 -0.580 0.074 6.281
-0.119 -0.580 0.073 6.281
-0.119 -0.579 0.073 6.281
-0.119 -0.579 0.072 6.281
-0.118 -0.579 0.072 6.281
-0.118 -0.579 0.072 6.281
-0.117 -0.579 0.071 6.281
-0.116 -0.579 0.071 6.281
-0.115 -0.578 0.071 6.281
-0.114 -0.578 0.070 6.281
-0.113 -0.577 0.070 6.281
-0.112 -0.576 0.069 6.281
-0.110 -0.575 0.069 6.281
-0.109 -0.574 0.069 6.281
-0.107 -0.573 0.068 6.281
-0.106 -0.571 0.068 6.281
-0.104 -0.569 0.068 6.281
-0.102 -0.567 0.067 6.281
-0.101 -0.565 0.067 6.281
-0.099 -0.562 0.067 6.281
-0.097 -0.559 0.067 6.281
-0.096 -0.556 0.066 6.281
-0.094 -0.553 0.066 6.281
-0.093 -0.549 0.066 6.281
-0.091 -0.546 0.065 6.281
-0.090 -0.542 0.065 6.281
-0.088 -0.538 0.065 6.282
-0.087 -0.534 0.064 6.282
-0.086 -0.529 0.064 6.282
-0.085 -0.525 0.064 6.282
-0.084 -0.521 0.064 6.282
-0.083 -0.517 0.063 6.282
-0.083 -0.512 0.063 6.282
-0.082 -0.508 0.063 6.282
-0.082 -0.504 0.062 6.282
-0.082 -0.499 0.062 6.282
-0.081 -0.495 0.062 6.282
-0.081 -0.491 0.062 6.282
-0.082 -0.487 0.061 6.281
-0.082 -0.484 0.061 6.281
-0.082 -0.480 0.061 6.281
-0.082 -0.477 0.060 6.281
-0.083 -0.474 0.060 6.281
-0.083 -0.471 0.060 6.281
-0.084 -0.468 0.060 6.281
-0.085 -0.465 0.059 6.281
-0.085 -0.463 0.059 6.281
-0.086 -0.461 0.059 6.281
-0.087 -0.459 0.059 6.281
-0.087 -0.458 0.058 6.281
-0.088 -0.456 0.058 6.281
-0.089 -0.455 0.058 6.281
-0.089 -0.454 0.057 6.280
-0.090 -0.454 0.057 6.280
-0.090 -0.453 0.057 6.280
-0.091 -0.453 0.057 6.280
-0.091 -0.453 0.056 6.280
-0.091 -0.452 0.056 6.280
-0.091 -0.452 0.056 6.280
-0.091 -0.452 0.056 6.280
-0.091 -0.453 0.055 6.279
-0.091 -0.453 0.055 6.279
-0.091 -0.453 0.055 6.279
-0.090 -0.453 0.055 6.279
-0.090 -0.453 0.054 6.279
-0.089 -0.453 0.054 6.279
-0.088 -0.453 0.054 6.279
-0.087 -0.453 0.054 6.279
-0.086 -0.452 0.053 6.279
-0.085 -0.452 0.053 6.279
-0.084 -0.451 0.053 6.279
-0.083 -0.450 0.053 6.279
-0.082 -0.449 0.053 6.279
-0.080 -0.448 0.052 6.279
-0.079 -0.447 0.052 6.279
-0.078 -0.445 0.052 6.279
-0.076 -0.443 0.052 6.279
-0.075 -0.441 0.052 6.279
-0.074 -0.439 0.051 6.279
-0.072 -0.437 0.051 6.279
-0.071 -0.434 0.051 6.279
-0.070 -0.431 0.051 6.279
-0.068 -0.428 0.051 6.279
-0.067 -0.425 0.050 6.279
-0.066 -0.422 0.050 6.279
-0.065 -0.418 0.050 6.279
-0.064 -0.415 0.050 6.279
-0.063 -0.411 0.050 6.279
-0.063 -0.408 0.049 6.280
-0.062 -0.404 0.049 6.280
-0.062 -0.400 0.049 6.280
-0.061 -0.397 0.049 6.280
-0.061 -0.393 0.049 6.280
-0.061 -0.389 0.048 6.280
-0.061 -0.386 0.048 6.280
-0.061 -0.382 0.048 6.280
-0.061 -0.379 0.048 6.280
-0.061 -0.376 0.047 6.280
-0.062 -0.373 0.047 6.280
-0.062 -0.370 0.047 6.280
-0.062 -0.368 0.047 6.280
-0.063 -0.365 0.047 6.281
-0.064 -0.363 0.046 6.281
-0.064 -0.361 0.046 6.281
-0.065 -0.359 0.046 6.281
-0.066 -0.358 0.046 6.281
-0.066 -0.356 0.046 6.281
-0.067 -0.355 0.045 6.280
-0.068 -0.354 0.045 6.280
-0.068 -0.353 0.045 6.280
-0.069 -0.353 0.045 6.280
-0.069 -0.353 0.044 6.280
-0.070 -0.352 0.044 6.280
-0.070 -0.352 0.044 6.280
-0.071 -0.352 0.044 6.280
-0.071 -0.353 0.044 6.280
-0.071 -0.353 0.043 6.280
-0.071 -0.353 0.043 6.280
-0.071 -0.354 0.043 6.280
-0.071 -0.354 0.043 6.280
-0.071 -0.355 0.043 6.280
-0.070 -0.355 0.042 6.280
-0.070 -0.356 0.042 6.280
-0.070 -0.356 0.042 6.278
-0.069 -0.356 0.042 6.277
-0.069 -0.356 0.042 6.276
-0.068 -0.356 0.042 6.275
-0.067 -0.356 0.041 6.274
-0.066 -0.356 0.041 6.273
-0.065 -0.356 0.041 6.272
-0.064 -0.355 0.041 6.271
-0.063 -0.354 0.041 6.271
-0.062 -0.353 0.041 6.270
-0.060 -0.352 0.040 6.270
-0.059 -0.350 0.040 6.270
-0.058 -0.349 0.040 6.270
-0.057 -0.347 0.040 6.270
-0.055 -0.345 0.040 6.270
-0.054 -0.343 0.040 6.270
-0.053 -0.340 0.039 6.271
-0.051 -0.337 0.039 6.271
-0.050 -0.335 0.039 6.272
-0.049 -0.332 0.039 6.272
-0.048 -0.329 0.039 6.273
-0.047 -0.326 0.038 6.274
-0.046 -0.322 0.038 6.274
-0.045 -0.319 0.038 6.275
-0.044 -0.316 0.038 6.276
-0.044 -0.313 0.038 6.277
-0.043 -0.309 0.038 6.278
-0.043 -0.306 0.037 6.279
-0.042 -0.303 0.037 6.279
-0.042 -0.300 0.037 6.280
-0.042 -0.297 0.037 6.281
-0.042 -0.294 0.037 6.282
-0.043 -0.291 0.037 6.283
-0.043 -0.288 0.036 0.000
-0.043 -0.286 0.036 0.001
-0.044 -0.284 0.036 0.001
-0.045 -0.281 0.036 0.002
-0.045 -0.280 0.036 0.002
-0.046 -0.278 0.036 0.003
-0.047 -0.277 0.035 0.003
-0.048 -0.275 0.035 0.004
-0.049 -0.274 0.035 0.004
-0.050 -0.274 0.035 0.004
-0.051 -0.273 0.035 0.004
-0.052 -0.273 0.034 0.004
-0.053 -0.272 0.034 0.004
-0.054 -0.272 0.034 0.004
-0.055 -0.273 0.034 0.004
-0.055 -0.273 0.033 0.004
-0.056 -0.273 0.033 0.003
-0.057 -0.274 0.033 0.003
-0.057 -0.275 0.033 0.003
-0.058 -0.275 0.033 0.002
-0.058 -0.276 0.032 0.002
-0.058 -0.277 0.032 0.002
-0.058 -0.278 0.032 0.001
-0.058 -0.279 0.032 0.001
-0.058 -0.280 0.032 0.000
-0.058 -0.280 0.032 6.283
-0.057 -0.281 0.031 6.282
-0.057 -0.281 0.031 6.282
-0.056 -0.282 0.031 6.281
-0.055 -0.282 0.031 6.281
-0.054 -0.282 0.031 6.280
-0.053 -0.282 0.031 6.280
-0.052 -0.282 0.030 6.280
-0.050 -0.281 0.030 6.279
-0.049 -0.280 0.030 6.279
-0.048 -0.279 0.030 6.278
-0.046 -0.278 0.030 6.278
-0.045 -0.277 0.030 6.278
-0.043 -0.275 0.030 6.277
-0.042 -0.274 0.030 6.277
-0.040 -0.272 0.030 6.277
-0.038 -0.269 0.030 6.277
-0.037 -0.267 0.029 6.277
-0.036 -0.264 0.029 6.277
-0.034 -0.262 0.029 6.276
-0.033 -0.259 0.029 6.276
-0.032 -0.256 0.029 6.276
-0.031 -0.253 0.029 6.276
-0.030 -0.250 0.029 6.276
-0.029 -0.247 0.029 6.276
-0.028 -0.244 0.029 6.276
-0.028 -0.241 0.028 6.277
-0.027 -0.238 0.028 6.277
-0.027 -0.235 0.028 6.277
-0.027 -0.232 0.028 6.277
-0.027 -0.229 0.028 6.277
-0.027 -0.227 0.028 6.277
-0.027 -0.224 0.028 6.277
-0.027 -0.222 0.027 6.277
-0.028 -0.220 0.027 6.277
-0.029 -0.218 0.027 6.278
-0.029 -0.216 0.027 6.278
-0.030 -0.214 0.027 6.278
-0.031 -0.213 0.026 6.278
-0.032 -0.212 0.026 6.278
-0.033 -0.211 0.026 6.278
-0.034 -0.210 0.026 6.278
-0.035 -0.210 0.026 6.279
-0.036 -0.210 0.025 6.279
-0.037 -0.210 0.025 6.279
-0.038 -0.210 0.025 6.279
-0.040 -0.210 0.025 6.279
-0.041 -0.211 0.024 6.279
-0.042 -0.211 0.024 6.280
-0.043 -0.212 0.024 6.280
-0.043 -0.213 0.024 6.280
-0.044 -0.214 0.024 6.280
-0.045 -0.215 0.024 6.280
-0.045 -0.216 0.023 6.280
-0.046 -0.217 0.023 6.280
-0.046 -0.219 0.023 6.281
-0.046 -0.220 0.023 6.281
-0.046 -0.221 0.023 6.281
-0.046 -0.222 0.023 6.281
-0.046 -0.223 0.022 6.281
-0.046 -0.224 0.022 6.281
-0.045 -0.224 0.022 6.281
-0.045 -0.225 0.022 6.281
-0.044 -0.225 0.022 6.281
-0.043 -0.225 0.022 6.281
-0.042 -0.225 0.022 6.281
-0.041 -0.225 0.022 6.282
-0.040 -0.224 0.022 6.282
-0.039 -0.223 0.022 6.282
-0.037 -0.222 0.021 6.282
-0.036 -0.221 0.021 6.282
-0.034 -0.220 0.021 6.282
-0.033 -0.218 0.021 6.282
-0.032 -0.216 0.021 6.282
-0.030 -0.214 0.021 6.282
-0.029 -0.212 0.021 6.282
-0.027 -0.209 0.021 6.282
-0.026 -0.207 0.021 6.282
-0.025 -0.204 0.021 6.282
-0.024 -0.201 0.021 6.281
-0.022 -0.198 0.020 6.281
-0.021 -0.196 0.020 6.281
-0.021 -0.193 0.020 6.281
-0.020 -0.190 0.020 6.281
-0.019 -0.187 0.020 6.281
-0.019 -0.184 0.020 6.281
-0.018 -0.181 0.020 6.281
-0.018 -0.178 0.019 6.281
-0.018 -0.175 0.019 6.281
-0.018 -0.173 0.019 6.281
-0.018 -0.171 0.019 6.281
-0.018 -0.168 0.019 6.281
-0.019 -0.167 0.019 6.281
-0.019 -0.165 0.019 6.280
-0.020 -0.163 0.018 6.280
-0.021 -0.162 0.018 6.280
-0.022 -0.161 0.018 6.280
-0.022 -0.160 0.018 6.280
-0.023 -0.160 0.018 6.280
-0.025 -0.159 0.018 6.280
-0.026 -0.159 0.018 6.280
-0.027 -0.159 0.017 6.280
-0.028 -0.160 0.017 6.280
-0.029 -0.160 0.017 6.280
-0.030 -0.161 0.017 6.280
-0.031 -0.162 0.017 6.279
-0.032 -0.163 0.017 6.279
-0.033 -0.164 0.017 6.279
-0.034 -0.166 0.017 6.279
-0.035 -0.167 0.016 6.279
-0.036 -0.169 0.016 6.279
-0.036 -0.170 0.016 6.279
-0.037 -0.172 0.016 6.279
-0.037 -0.173 0.016 6.279
-0.038 -0.175 0.016 6.279
-0.038 -0.176 0.016 6.279
-0.038 -0.178 0.016 6.280
-0.038 -0.179 0.016 6.280
-0.037 -0.180 0.016 6.280
-0.037 -0.181 0.016 6.280
-0.036 -0.182 0.016 6.280
-0.036 -0.182 0.015 6.280
-0.035 -0.182 0.015 6.280
-0.034 -0.182 0.015 6.280
-0.033 -0.182 0.015 6.280
-0.032 -0.182 0.015 6.280
-0.030 -0.181 0.015 6.280
-0.029 -0.180 0.015 6.280
-0.028 -0.179 0.015 6.281
-0.026 -0.177 0.015 6.281
-0.025 -0.176 0.015 6.281
-0.024 -0.174 0.015 6.281
-0.022 -0.172 0.015 6.281
-0.021 -0.169 0.015 6.281
-0.019 -0.167 0.015 6.281
-0.018 -0.164 0.015 6.281
-0.017 -0.161 0.014 6.281
-0.016 -0.158 0.014 6.281
-0.015 -0.155 0.014 6.281
-0.014 -0.152 0.014 6.281
-0.013 -0.149 0.014 6.281
-0.012 -0.146 0.014 6.281
-0.011 -0.143 0.014 6.281
-0.011 -0.140 0.014 6.281
-0.010 -0.137 0.014 6.281
-0.010 -0.135 0.014 6.281
-0.010 -0.132 0.013 6.281
-0.010 -0.130 0.013 6.281
-0.010 -0.127 0.013 6.281
-0.011 -0.125 0.013 6.281
-0.011 -0.123 0.013 6.281
-0.012 -0.122 0.013 6.281
-0.012 -0.121 0.013 6.281
-0.013 -0.120 0.013 6.281
-0.014 -0.119 0.013 6.280
-0.015 -0.118 0.012 6.280
-0.016 -0.118 0.012 6.280
-0.017 -0.118 0.012 6.280
-0.018 -0.118 0.012 6.280
-0.019 -0.119 0.012 6.280
-0.021 -0.120 0.012 6.280
-0.022 -0.121 0.012 6.279
-0.023 -0.122 0.012 6.279
-0.024 -0.124 0.012 6.279
-0.025 -0.125 0.012 6.279
-0.026 -0.127 0.011 6.279
-0.027 -0.129 0.011 6.279
-0.028 -0.131 0.011 6.279
-0.029 -0.133 0.011 6.279
-0.030 -0.135 0.011 6.279
-0.030 -0.137 0.011 6.279
-0.031 -0.139 0.011 6.279
-0.031 -0.141 0.011 6.279
-0.031 -0.143 0.011 6.279
-0.031 -0.144 0.011 6.279
-0.031 -0.146 0.011 6.279
-0.031 -0.147 0.011 6.279
-0.030 -0.148 0.011 6.279
-0.030 -0.149 0.011 6.279
-0.029 -0.150 0.011 6.279
-0.028 -0.150 0.011 6.279
-0.027 -0.151 0.011 6.280
-0.026 -0.150 0.011 6.280
-0.025 -0.150 0.011 6.280
-0.024 -0.149 0.011 6.280
-0.023 -0.148 0.011 6.280
-0.021 -0.147 0.010 6.280
-0.020 -0.145 0.010 6.280
-0.018 -0.143 0.010 6.280
-0.017 -0.141 0.010 6.281
-0.016 -0.139 0.010 6.281
-0.014 -0.136 0.010 6.281
-0.013 -0.134 0.010 6.281
-0.012 -0.131 0.010 6.281
-0.010 -0.128 0.010 6.281
-0.009 -0.124 0.010 6.281
-0.008 -0.121 0.010 6.281
-0.007 -0.118 0.010 6.281
-0.006 -0.115 0.010 6.281
-0.005 -0.111 0.010 6.281
-0.005 -0.108 0.010 6.281
-0.004 -0.105 0.010 6.281
-0.004 -0.102 0.010 6.281
-0.004 -0.099 0.010 6.281
-0.004 -0.096 0.009 6.281
-0.004 -0.094 0.009 6.281
-0.004 -0.092 0.009 6.281
-0.004 -0.090 0.009 6.281
-0.005 -0.088 0.009 6.281
-0.005 -0.087 0.009 6.281
-0.006 -0.085 0.009 6.281
-0.007 -0.085 0.009 6.281
-0.008 -0.084 0.009 6.281
-0.009 -0.084 0.008 6.281
-0.010 -0.084 0.008 6.280
-0.012 -0.085 0.008 6.280
-0.013 -0.085 0.008 6.280
-0.014 -0.086 0.008 6.280
-0.015 -0.088 0.008 6.280
-0.017 -0.089 0.008 6.280
-0.018 -0.091 0.008 6.280
-0.019 -0.093 0.008 6.280
-0.020 -0.096 0.008 6.279
-0.021 -0.098 0.007 6.279
-0.022 -0.101 0.007 6.279
-0.023 -0.103 0.007 6.279
-0.024 -0.106 0.007 6.279
-0.025 -0.108 0.007 6.279
-0.026 -0.111 0.007 6.279
-0.026 -0.113 0.007 6.279
-0.026 -0.116 0.007 6.279
-0.026 -0.118 0.007 6.279
-0.026 -0.120 0.007 6.279
-0.026 -0.122 0.007 6.279
-0.026 -0.124 0.007 6.279
-0.026 -0.125 0.007 6.279
-0.025 -0.126 0.007 6.279
-0.024 -0.127 0.007 6.279
-0.023 -0.128 0.007 6.279
-0.022 -0.128 0.007 6.279
-0.021 -0.128 0.007 6.279
-0.020 -0.127 0.007 6.279
-0.019 -0.126 0.007 6.279
-0.017 -0.125 0.007 6.279
-0.016 -0.123 0.007 6.279
-0.014 -0.122 0.007 6.280
-0.013 -0.119 0.007 6.280
-0.011 -0.117 0.007 6.280
-0.010 -0.114 0.007 6.280
-0.008 -0.111 0.007 6.280
-0.007 -0.108 0.007 6.280
-0.006 -0.105 0.007 6.280
-0.004 -0.101 0.007 6.281
-0.003 -0.097 0.007 6.281
-0.002 -0.094 0.007 6.281
-0.001 -0.090 0.007 6.281
-0.000 -0.086 0.007 6.281
0.001 -0.082 0.007 6.281
0.001 -0.079 0.007 6.281
0.002 -0.075 0.006 6.281
0.002 -0.072 0.006 6.281
0.002 -0.069 0.006 6.281
0.002 -0.066 0.006 6.281
0.002 -0.064 0.006 6.281
0.002 -0.061 0.006 6.281
0.001 -0.059 0.006 6.281
0.000 -0.058 0.006 6.281
-0.000 -0.056 0.006 6.281
-0.001 -0.056 0.006 6.281
-0.002 -0.055 0.006 6.281
-0.004 -0.055 0.006 6.281
-0.005 -0.055 0.005 6.281
-0.006 -0.056 0.005 6.281
-0.008 -0.057 0.005 6.281
-0.009 -0.058 0.005 6.281
-0.010 -0.060 0.005 6.281
-0.012 -0.062 0.005 6.281
-0.013 -0.064 0.005 6.280
-0.015 -0.067 0.005 6.280
-0.016 -0.070 0.005 6.280
-0.018 -0.073 0.005 6.280
-0.019 -0.076 0.004 6.280
-0.020 -0.079 0.004 6.280
-0.021 -0.083 0.004 6.280
-0.022 -0.086 0.004 6.280
-0.023 -0.090 0.004 6.280
-0.023 -0.093 0.004 6.280
-0.024 -0.096 0.004 6.280
-0.024 -0.099 0.004 6.280
-0.024 -0.102 0.004 6.280
-0.024 -0.105 0.004 6.280
-0.024 -0.107 0.004 6.280
-0.024 -0.109 0.004 6.280
-0.023 -0.111 0.004 6.280
-0.023 -0.112 0.004 6.280
-0.022 -0.113 0.004 6.280
-0.021 -0.113 0.004 6.280
-0.020 -0.113 0.004 6.280
-0.018 -0.113 0.004 6.280
-0.017 -0.112 0.004 6.280
-0.015 -0.111 0.004 6.280
-0.014 -0.109 0.004 6.280
-0.012 -0.107 0.004 6.280
-0.010 -0.105 0.004 6.280
-0.009 -0.102 0.004 6.280
-0.007 -0.099 0.004 6.281
-0.005 -0.095 0.004 6.281
-0.004 -0.091 0.004 6.281
-0.002 -0.087 0.004 6.281
-0.000 -0.083 0.004 6.281
0.001 -0.079 0.004 6.281
0.002 -0.074 0.004 6.281
0.004 -0.070 0.004 6.281
0.005 -0.065 0.004 6.281
0.006 -0.061 0.004 6.281
0.007 -0.056 0.004 6.281
0.007 -0.052 0.004 6.281
0.008 -0.048 0.004 6.281
0.008 -0.044 0.004 6.281
0.008 -0.040 0.004 6.281
0.008 -0.037 0.004 6.281
0.008 -0.034 0.004 6.281
0.007 -0.032 0.004 6.281
0.006 -0.030 0.004 6.281
0.006 -0.028 0.004 6.281
0.005 -0.027 0.003 6.281
0.003 -0.027 0.003 6.281
0.002 -0.027 0.003 6.281
0.001 -0.027 0.003 6.281
-0.001 -0.028 0.003 6.281
-0.003 -0.030 0.003 6.281
-0.004 -0.032 0.003 6.281
-0.006 -0.034 0.003 6.281
-0.008 -0.037 0.003 6.281
-0.010 -0.040 0.003 6.281
-0.011 -0.043 0.002 6.281
-0.013 -0.047 0.002 6.281
-0.015 -0.051 0.002 6.281
-0.017 -0.056 0.002 6.281
-0.018 -0.060 0.002 6.281
-0.020 -0.065 0.002 6.281
-0.021 -0.069 0.002 6.281
-0.022 -0.074 0.002 6.281
-0.023 -0.078 0.002 6.281
-0.024 -0.083 0.002 6.281
-0.024 -0.087 0.002 6.281
-0.025 -0.091 0.002 6.281
-0.025 -0.094 0.002 6.281
-0.025 -0.098 0.002 6.281
-0.025 -0.100 0.002 6.281
-0.024 -0.103 0.002 6.281
-0.024 -0.105 0.002 6.281
-0.023 -0.106 0.002 6.281
-0.022 -0.107 0.002 6.282
-0.021 -0.107 0.002 6.282
-0.019 -0.107 0.002 6.282
-0.018 -0.106 0.002 6.282
-0.016 -0.105 0.002 6.282
-0.014 -0.103 0.003 6.282
-0.012 -0.101 0.003 6.282
-0.011 -0.098 0.003 6.282
-0.009 -0.095 0.003 6.282
-0.006 -0.091 0.003 6.282
-0.004 -0.087 0.003 6.282
-0.002 -0.082 0.003 6.282
-0.000 -0.077 0.003 6.282
0.001 -0.072 0.003 6.282
0.003 -0.066 0.003 6.282
0.005 -0.061 0.003 6.282
0.007 -0.055 0.003 6.282
0.008 -0.050 0.003 6.282
0.010 -0.044 0.003 6.282
0.011 -0.039 0.003 6.282
0.012 -0.033 0.003 6.282
0.012 -0.028 0.003 6.282
0.013 -0.024 0.003 6.282
0.013 -0.019 0.003 6.282
0.013 -0.015 0.003 6.281
