0.400 0.003 -0.007 6.283
0.400 0.003 -0.007 6.283
0.400 0.003 -0.007 6.283
0.400 0.003 -0.007 6.283
0.400 0.003 -0.007 0.000
0.400 0.003 -0.007 0.001
0.400 0.003 -0.007 0.001
0.399 0.003 -0.007 0.002
0.399 0.003 -0.007 0.003
0.398 0.003 -0.007 0.003
0.397 0.003 -0.007 0.004
0.396 0.003 -0.007 0.004
0.394 0.003 -0.006 0.004
0.392 0.002 -0.006 0.005
0.390 0.002 -0.006 0.005
0.388 0.002 -0.006 0.005
0.385 0.001 -0.006 0.005
0.382 0.001 -0.006 0.005
0.379 0.001 -0.006 0.005
0.375 0.000 -0.006 0.005
0.371 -0.000 -0.006 0.005
0.367 -0.001 -0.006 0.005
0.363 -0.001 -0.006 0.005
0.358 -0.002 -0.006 0.005
0.353 -0.002 -0.006 0.005
0.348 -0.002 -0.006 0.005
0.343 -0.003 -0.006 0.005
0.338 -0.003 -0.006 0.005
0.333 -0.003 -0.006 0.004
0.327 -0.004 -0.006 0.004
0.322 -0.004 -0.006 0.004
0.317 -0.004 -0.006 0.004
0.311 -0.005 -0.006 0.003
0.306 -0.005 -0.006 0.003
0.301 -0.005 -0.006 0.003
0.296 -0.005 -0.006 0.002
0.292 -0.005 -0.006 0.002
0.288 -0.005 -0.006 0.002
0.284 -0.005 -0.006 0.002
0.280 -0.005 -0.006 0.002
0.276 -0.004 -0.006 0.001
0.273 -0.004 -0.006 0.001
0.271 -0.004 -0.006 0.001
0.268 -0.004 -0.006 0.001
0.266 -0.003 -0.006 0.001
0.265 -0.003 -0.006 0.001
0.264 -0.002 -0.006 0.001
0.263 -0.002 -0.006 0.001
0.263 -0.001 -0.005 0.001
0.263 -0.001 -0.005 0.001
0.263 -0.000 -0.005 0.001
0.264 0.000 -0.005 0.001
0.265 0.001 -0.005 0.001
0.266 0.001 -0.005 0.001
0.268 0.001 -0.005 0.001
0.269 0.002 -0.005 0.001
0.271 0.002 -0.005 0.002
0.273 0.003 -0.004 0.002
0.275 0.003 -0.004 0.002
0.277 0.003 -0.004 0.002
0.279 0.004 -0.004 0.002
0.281 0.004 -0.004 0.003
0.283 0.004 -0.004 0.003
0.285 0.004 -0.004 0.003
0.286 0.004 -0.004 0.003
0.288 0.004 -0.003 0.003
0.289 0.004 -0.003 0.004
0.289 0.004 -0.003 0.004
0.289 0.004 -0.003 0.004
0.289 0.004 -0.003 0.004
0.289 0.003 -0.003 0.004
0.288 0.003 -0.003 0.004
0.286 0.002 -0.003 0.004
0.284 0.002 -0.003 0.004
0.282 0.001 -0.003 0.004
0.279 0.001 -0.003 0.004
0.276 0.000 -0.003 0.004
0.272 -0.000 -0.003 0.004
0.268 -0.001 -0.003 0.004
0.264 -0.001 -0.003 0.004
0.259 -0.002 -0.003 0.004
0.254 -0.003 -0.003 0.004
0.248 -0.003 -0.003 0.004
0.243 -0.004 -0.003 0.004
0.237 -0.004 -0.003 0.004
0.231 -0.005 -0.004 0.003
0.225 -0.005 -0.004 0.003
0.219 -0.006 -0.004 0.003
0.213 -0.006 -0.004 0.003
0.207 -0.006 -0.004 0.003
0.201 -0.007 -0.004 0.003
0.195 -0.007 -0.004 0.002
0.190 -0.007 -0.004 0.002
0.184 -0.007 -0.004 0.002
0.180 -0.007 -0.004 0.002
0.175 -0.007 -0.004 0.002
0.171 -0.006 -0.003 0.002
0.168 -0.006 -0.003 0.002
0.165 -0.006 -0.003 0.001
0.162 -0.005 -0.003 0.001
0.160 -0.005 -0.003 0.001
0.159 -0.004 -0.003 0.001
0.158 -0.004 -0.003 0.001
0.158 -0.003 -0.003 0.001
0.159 -0.003 -0.003 0.001
0.160 -0.002 -0.003 0.001
0.161 -0.001 -0.003 0.001
0.163 -0.000 -0.003 0.001
0.166 0.000 -0.003 0.001
0.169 0.001 -0.003 0.002
0.172 0.002 -0.003 0.002
0.176 0.003 -0.002 0.002
0.180 0.003 -0.002 0.002
0.184 0.004 -0.002 0.002
0.189 0.005 -0.002 0.002
0.193 0.005 -0.002 0.002
0.198 0.006 -0.002 0.003
0.203 0.006 -0.002 0.003
0.207 0.006 -0.002 0.003
0.212 0.007 -0.002 0.003
0.216 0.007 -0.002 0.003
0.219 0.007 -0.002 0.003
0.223 0.007 -0.002 0.003
0.226 0.007 -0.002 0.004
0.228 0.006 -0.002 0.004
0.230 0.006 -0.002 0.004
0.231 0.006 -0.002 0.004
0.231 0.005 -0.002 0.004
0.231 0.005 -0.002 0.004
0.231 0.004 -0.002 0.004
0.229 0.003 -0.002 0.004
0.227 0.003 -0.002 0.004
0.224 0.002 -0.002 0.003
0.220 0.001 -0.002 0.003
0.216 -0.000 -0.002 0.003
0.211 -0.001 -0.002 0.003
0.205 -0.002 -0.002 0.003
0.199 -0.003 -0.002 0.003
0.193 -0.004 -0.003 0.002
0.186 -0.005 -0.003 0.002
0.178 -0.006 -0.003 0.002
0.170 -0.006 -0.003 0.002
0.162 -0.007 -0.003 0.001
0.154 -0.008 -0.003 0.001
0.146 -0.008 -0.003 0.001
0.137 -0.009 -0.003 0.001
0.129 -0.009 -0.003 0.000
0.121 -0.010 -0.003 0.000
0.113 -0.010 -0.003 6.283
0.106 -0.010 -0.003 6.283
0.099 -0.010 -0.003 6.283
0.093 -0.010 -0.003 6.282
0.087 -0.010 -0.002 6.282
0.082 -0.009 -0.002 6.282
0.077 -0.009 -0.002 6.282
0.074 -0.008 -0.002 6.282
0.071 -0.008 -0.002 6.282
0.069 -0.007 -0.002 6.282
0.068 -0.006 -0.002 6.282
0.068 -0.005 -0.002 6.282
0.069 -0.004 -0.002 6.282
0.071 -0.003 -0.002 6.282
0.074 -0.002 -0.002 6.283
0.078 -0.000 -0.002 6.283
0.082 0.001 -0.002 6.283
0.087 0.002 -0.002 0.000
0.093 0.003 -0.002 0.000
0.100 0.004 -0.002 0.001
0.107 0.005 -0.002 0.001
0.114 0.007 -0.002 0.001
0.122 0.008 -0.002 0.002
0.131 0.008 -0.002 0.002
0.139 0.009 -0.002 0.002
0.148 0.010 -0.002 0.003
0.156 0.011 -0.002 0.003
0.164 0.011 -0.002 0.004
0.172 0.011 -0.002 0.004
0.180 0.011 -0.002 0.004
0.187 0.012 -0.002 0.004
0.193 0.011 -0.002 0.005
0.199 0.011 -0.002 0.005
0.203 0.011 -0.002 0.005
0.207 0.010 -0.002 0.005
0.210 0.009 -0.002 0.005
0.212 0.008 -0.002 0.005
0.213 0.007 -0.002 0.005
0.212 0.006 -0.002 0.005
0.211 0.005 -0.002 0.005
0.208 0.004 -0.002 0.005
0.204 0.002 -0.002 0.005
0.199 0.001 -0.002 0.005
0.193 -0.001 -0.002 0.004
0.186 -0.002 -0.003 0.004
0.178 -0.004 -0.003 0.004
0.168 -0.005 -0.003 0.003
0.158 -0.007 -0.003 0.003
0.148 -0.008 -0.003 0.003
0.136 -0.010 -0.003 0.002
0.124 -0.011 -0.003 0.002
0.112 -0.012 -0.003 0.001
0.100 -0.013 -0.003 0.001
0.087 -0.014 -0.003 0.000
0.075 -0.015 -0.003 6.283
0.062 -0.016 -0.003 6.283
0.050 -0.016 -0.003 6.282
0.039 -0.017 -0.003 6.282
0.028 -0.017 -0.003 6.281
0.018 -0.017 -0.003 6.281
