-0.000 0.000 0.297 6.283
-0.000 0.000 0.297 6.283
-0.000 0.000 0.297 6.283
-0.000 0.000 0.297 6.283
-0.000 0.000 0.297 6.283
-0.000 0.000 0.297 0.000
-0.000 -0.000 0.297 0.000
-0.000 -0.000 0.297 0.000
0.000 -0.001 0.296 0.000
0.000 -0.001 0.295 0.000
0.000 -0.001 0.295 0.000
0.000 -0.002 0.294 0.000
0.000 -0.002 0.293 0.000
0.000 -0.002 0.292 0.000
0.000 -0.002 0.290 0.000
0.000 -0.003 0.289 0.000
0.000 -0.003 0.287 0.000
0.000 -0.003 0.286 0.000
0.000 -0.003 0.284 0.000
0.000 -0.003 0.282 0.000
0.000 -0.003 0.280 0.000
0.000 -0.003 0.278 0.000
0.000 -0.003 0.277 0.000
0.000 -0.003 0.275 0.000
0.000 -0.003 0.273 0.000
0.000 -0.003 0.271 0.000
0.000 -0.003 0.269 0.000
-0.000 -0.002 0.267 0.000
-0.000 -0.002 0.265 0.000
-0.000 -0.002 0.263 0.000
-0.000 -0.002 0.261 0.000
-0.000 -0.001 0.259 0.000
-0.000 -0.001 0.258 0.001
-0.000 -0.001 0.256 0.001
-0.000 -0.000 0.255 0.001
-0.000 0.000 0.253 0.001
-0.000 0.000 0.252 0.001
-0.000 0.001 0.251 0.001
-0.000 0.001 0.249 0.001
-0.000 0.002 0.248 0.001
-0.000 0.002 0.247 0.001
-0.000 0.002 0.246 0.001
-0.000 0.003 0.246 0.001
-0.000 0.003 0.245 0.001
-0.000 0.003 0.244 0.001
-0.001 0.003 0.243 0.001
-0.001 0.003 0.243 0.001
-0.001 0.004 0.242 0.001
-0.001 0.004 0.241 0.001
-0.001 0.004 0.241 0.001
-0.001 0.004 0.240 0.001
-0.001 0.004 0.240 0.001
-0.001 0.004 0.239 0.001
-0.001 0.003 0.238 0.001
-0.001 0.003 0.238 0.001
-0.001 0.003 0.237 0.001
-0.001 0.003 0.236 0.002
-0.001 0.002 0.236 0.002
-0.001 0.002 0.235 0.002
-0.001 0.001 0.234 0.002
-0.001 0.001 0.233 0.002
-0.001 -0.000 0.233 0.002
-0.001 -0.001 0.232 0.002
-0.001 -0.002 0.231 0.002
-0.001 -0.002 0.229 0.002
-0.001 -0.003 0.228 0.002
-0.001 -0.004 0.227 0.002
-0.001 -0.004 0.226 0.002
-0.001 -0.005 0.225 0.002
-0.001 -0.005 0.224 0.002
-0.001 -0.005 0.222 0.002
-0.001 -0.006 0.221 0.002
-0.001 -0.006 0.220 0.002
-0.001 -0.006 0.218 0.002
-0.001 -0.006 0.217 0.002
-0.001 -0.006 0.216 0.002
-0.001 -0.006 0.215 0.002
-0.001 -0.005 0.213 0.002
-0.001 -0.005 0.212 0.002
-0.001 -0.005 0.211 0.002
-0.001 -0.004 0.210 0.002
-0.001 -0.003 0.209 0.002
-0.001 -0.003 0.207 0.002
-0.001 -0.002 0.206 0.002
-0.001 -0.001 0.205 0.002
-0.001 -0.000 0.204 0.002
-0.001 0.001 0.203 0.002
-0.001 0.002 0.203 0.002
-0.001 0.003 0.202 0.002
-0.001 0.004 0.201 0.002
-0.001 0.004 0.200 0.002
-0.001 0.005 0.199 0.002
-0.001 0.006 0.199 0.002
-0.001 0.007 0.198 0.001
-0.001 0.008 0.197 0.001
-0.001 0.009 0.197 0.001
-0.001 0.009 0.196 0.001
-0.001 0.010 0.195 0.001
-0.001 0.010 0.195 0.001
-0.001 0.010 0.194 0.001
-0.001 0.010 0.194 0.001
-0.001 0.010 0.193 0.001
-0.001 0.010 0.192 0.001
-0.001 0.010 0.192 0.001
-0.001 0.009 0.191 0.001
-0.001 0.009 0.190 0.001
-0.001 0.008 0.190 0.001
-0.001 0.007 0.189 0.001
-0.001 0.006 0.188 0.001
-0.001 0.005 0.187 0.001
-0.001 0.003 0.187 0.001
-0.001 0.002 0.186 0.001
-0.001 0.001 0.185 0.001
-0.001 -0.001 0.184 0.001
-0.001 -0.002 0.183 0.001
-0.001 -0.004 0.182 0.001
-0.001 -0.006 0.181 0.001
-0.001 -0.007 0.180 0.001
-0.001 -0.009 0.180 0.001
-0.001 -0.010 0.179 0.001
-0.001 -0.011 0.178 0.001
-0.001 -0.013 0.177 0.001
-0.001 -0.014 0.176 0.001
-0.001 -0.015 0.175 0.001
-0.001 -0.015 0.174 0.001
-0.001 -0.016 0.173 0.001
-0.001 -0.016 0.172 0.001
-0.001 -0.016 0.172 0.001
-0.001 -0.016 0.171 0.001
-0.001 -0.016 0.170 0.001
-0.001 -0.016 0.169 0.001
-0.001 -0.015 0.168 0.001
-0.001 -0.014 0.168 0.001
-0.001 -0.013 0.167 0.001
-0.001 -0.011 0.166 0.001
-0.001 -0.010 0.165 0.001
-0.001 -0.008 0.165 0.001
-0.001 -0.006 0.164 0.001
-0.001 -0.004 0.164 0.001
-0.001 -0.002 0.163 0.001
-0.001 0.000 0.162 0.001
-0.001 0.003 0.162 0.001
-0.001 0.005 0.161 0.001
-0.001 0.008 0.160 0.001
-0.001 0.010 0.160 0.001
-0.001 0.013 0.159 0.001
-0.001 0.015 0.159 0.001
-0.001 0.017 0.158 0.001
-0.001 0.019 0.158 0.001
-0.001 0.021 0.157 0.001
-0.001 0.022 0.156 0.001
-0.001 0.024 0.156 0.001
-0.001 0.025 0.155 0.001
-0.001 0.025 0.154 0.001
-0.001 0.026 0.154 0.001
-0.002 0.026 0.153 0.001
-0.002 0.026 0.152 0.001
-0.002 0.025 0.152 0.001
-0.002 0.024 0.151 0.001
-0.002 0.023 0.150 0.001
-0.002 0.022 0.150 0.001
-0.002 0.020 0.149 0.001
-0.002 0.018 0.148 0.001
-0.002 0.016 0.147 0.001
-0.002 0.013 0.147 0.001
-0.002 0.011 0.146 0.001
-0.002 0.008 0.145 0.001
-0.002 0.005 0.144 0.001
-0.002 0.002 0.144 0.001
-0.002 -0.002 0.143 0.001
-0.002 -0.005 0.142 0.001
-0.002 -0.008 0.142 0.001
-0.002 -0.011 0.141 0.001
-0.001 -0.014 0.140 0.001
-0.001 -0.017 0.140 0.001
-0.001 -0.019 0.139 0.001
-0.001 -0.022 0.138 0.001
-0.001 -0.024 0.138 0.001
-0.001 -0.026 0.137 0.001
-0.001 -0.028 0.137 0.001
-0.001 -0.029 0.136 0.001
-0.001 -0.030 0.135 0.001
-0.001 -0.030 0.135 0.001
-0.001 -0.031 0.134 0.001
-0.001 -0.031 0.134 0.001
-0.001 -0.030 0.133 0.001
-0.000 -0.029 0.133 0.001
-0.000 -0.028 0.132 0.001
-0.000 -0.027 0.132 0.001
-0.000 -0.025 0.131 0.001
-0.000 -0.023 0.131 0.001
-0.000 -0.020 0.130 0.001
-0.000 -0.017 0.130 0.001
-0.000 -0.015 0.129 0.001
-0.000 -0.011 0.129 0.001
-0.000 -0.008 0.129 0.001
-0.000 -0.005 0.128 0.001
-0.000 -0.001 0.128 0.001
-0.000 0.002 0.127 0.001
-0.000 0.006 0.127 0.001
-0.001 0.009 0.126 0.001
-0.001 0.013 0.125 0.001
-0.001 0.016 0.125 0.001
-0.001 0.019 0.124 0.001
-0.001 0.022 0.124 0.001
-0.001 0.025 0.123 0.001
-0.001 0.027 0.123 0.001
-0.001 0.029 0.122 0.001
-0.001 0.031 0.122 0.001
-0.001 0.032 0.121 0.001
-0.001 0.033 0.120 0.001
-0.001 0.034 0.120 0.001
-0.002 0.034 0.119 0.001
-0.002 0.034 0.119 0.001
-0.002 0.033 0.118 0.001
-0.002 0.032 0.117 0.001
-0.002 0.031 0.117 0.001
-0.002 0.029 0.116 0.001
-0.002 0.027 0.116 0.001
-0.002 0.024 0.115 0.001
-0.002 0.021 0.114 0.001
-0.002 0.018 0.114 0.001
-0.002 0.014 0.113 0.001
-0.002 0.011 0.113 0.001
-0.002 0.007 0.112 0.001
-0.002 0.003 0.112 0.001
-0.002 -0.001 0.111 0.001
-0.002 -0.005 0.111 0.001
-0.002 -0.009 0.110 0.001
-0.002 -0.013 0.110 0.001
-0.002 -0.017 0.109 0.001
-0.002 -0.021 0.109 0.001
-0.002 -0.024 0.108 0.001
-0.002 -0.028 0.108 0.001
-0.001 -0.031 0.107 0.001
-0.001 -0.033 0.107 0.001
-0.001 -0.035 0.107 0.001
-0.001 -0.037 0.106 0.001
-0.001 -0.038 0.106 0.001
-0.001 -0.039 0.105 0.001
-0.001 -0.040 0.105 0.001
-0.001 -0.040 0.105 0.001
-0.001 -0.039 0.104 0.001
-0.001 -0.038 0.104 0.001
-0.000 -0.037 0.104 0.001
-0.000 -0.035 0.103 0.001
-0.000 -0.032 0.103 0.001
-0.000 -0.030 0.103 0.001
-0.000 -0.026 0.102 0.001
-0.000 -0.023 0.102 0.001
-0.000 -0.019 0.102 0.001
-0.000 -0.015 0.101 0.001
-0.000 -0.011 0.101 0.001
-0.000 -0.006 0.100 0.001
-0.000 -0.002 0.100 0.001
-0.000 0.003 0.099 0.001
-0.000 0.007 0.099 0.001
-0.000 0.012 0.099 0.001
-0.001 0.016 0.098 0.001
-0.001 0.021 0.098 0.001
-0.001 0.025 0.097 0.001
-0.001 0.028 0.097 0.001
-0.001 0.032 0.096 0.001
-0.001 0.035 0.096 0.001
-0.001 0.038 0.095 0.001
-0.001 0.040 0.095 0.001
-0.001 0.042 0.094 0.001
-0.002 0.043 0.094 0.001
-0.002 0.044 0.093 0.001
-0.002 0.044 0.093 0.001
-0.002 0.044 0.092 0.001
-0.002 0.043 0.092 0.001
-0.002 0.042 0.091 0.001
-0.002 0.040 0.091 0.001
-0.002 0.038 0.090 0.001
-0.002 0.035 0.090 0.001
-0.003 0.031 0.089 0.001
-0.003 0.028 0.089 0.001
-0.003 0.024 0.088 0.001
-0.003 0.019 0.088 0.001
-0.003 0.014 0.087 0.001
-0.003 0.009 0.087 0.001
-0.003 0.004 0.086 0.001
-0.003 -0.001 0.086 0.001
-0.003 -0.006 0.086 0.001
-0.003 -0.011 0.085 0.001
-0.002 -0.017 0.085 0.001
-0.002 -0.022 0.085 0.001
-0.002 -0.026 0.084 0.001
-0.002 -0.031 0.084 0.001
-0.002 -0.035 0.084 0.001
-0.002 -0.039 0.083 0.001
-0.002 -0.042 0.083 0.001
-0.002 -0.045 0.083 0.001
-0.001 -0.048 0.083 0.001
-0.001 -0.049 0.082 0.001
-0.001 -0.051 0.082 0.001
-0.001 -0.051 0.082 0.001
-0.001 -0.051 0.082 0.001
-0.001 -0.051 0.081 0.001
-0.001 -0.049 0.081 0.001
-0.000 -0.047 0.081 0.001
-0.000 -0.045 0.081 0.001
-0.000 -0.042 0.080 0.001
-0.000 -0.039 0.080 0.001
0.000 -0.035 0.080 0.001
0.000 -0.030 0.079 0.001
0.000 -0.025 0.079 0.001
0.000 -0.020 0.079 0.001
0.000 -0.015 0.079 0.001
0.000 -0.009 0.078 0.001
0.000 -0.003 0.078 0.001
0.000 0.003 0.078 0.001
0.000 0.008 0.077 0.001
-0.000 0.014 0.077 0.001
-0.000 0.020 0.076 0.001
-0.000 0.026 0.076 0.001
-0.000 0.031 0.076 0.001
-0.000 0.036 0.075 0.001
-0.001 0.040 0.075 0.001
-0.001 0.044 0.075 0.001
-0.001 0.048 0.074 0.001
-0.001 0.051 0.074 0.001
-0.001 0.053 0.073 0.001
-0.001 0.055 0.073 0.001
-0.002 0.056 0.072 0.001
-0.002 0.057 0.072 0.001
-0.002 0.056 0.072 0.001
-0.002 0.056 0.071 0.001
-0.002 0.054 0.071 0.001
-0.003 0.052 0.070 0.001
-0.003 0.049 0.070 0.001
-0.003 0.045 0.069 0.001
-0.003 0.041 0.069 0.001
-0.003 0.036 0.069 0.001
-0.003 0.031 0.068 0.001
-0.003 0.025 0.068 0.001
-0.003 0.019 0.067 0.001
-0.003 0.013 0.067 0.001
-0.003 0.006 0.067 0.001
-0.003 -0.001 0.066 0.001
-0.003 -0.008 0.066 0.001
-0.003 -0.014 0.066 0.001
-0.003 -0.021 0.065 0.001
-0.003 -0.028 0.065 0.001
-0.003 -0.034 0.065 0.001
-0.003 -0.040 0.064 0.001
-0.003 -0.045 0.064 0.001
-0.002 -0.050 0.064 0.001
-0.002 -0.054 0.064 0.001
-0.002 -0.058 0.064 0.001
-0.002 -0.061 0.064 0.001
-0.002 -0.064 0.063 0.001
-0.001 -0.065 0.063 0.001
-0.001 -0.066 0.063 0.001
-0.001 -0.066 0.063 0.001
-0.001 -0.066 0.063 0.001
-0.000 -0.064 0.063 0.001
-0.000 -0.062 0.063 0.001
-0.000 -0.059 0.062 0.001
0.000 -0.055 0.062 0.001
0.000 -0.051 0.062 0.001
0.000 -0.046 0.062 0.001
0.000 -0.040 0.062 0.001
0.001 -0.034 0.062 0.001
0.001 -0.027 0.061 0.001
0.001 -0.020 0.061 0.001
0.001 -0.013 0.061 0.001
0.001 -0.005 0.061 0.001
0.001 0.002 0.061 0.001
0.001 0.010 0.060 0.001
0.001 0.017 0.060 0.001
0.000 0.025 0.060 0.001
0.000 0.032 0.059 0.001
0.000 0.039 0.059 0.001
-0.000 0.045 0.059 0.001
-0.000 0.051 0.059 0.001
-0.000 0.056 0.058 0.001
-0.001 0.061 0.058 0.001
-0.001 0.065 0.058 0.001
-0.001 0.068 0.057 0.001
-0.001 0.070 0.057 0.001
-0.002 0.072 0.056 0.001
-0.002 0.073 0.056 0.001
-0.002 0.073 0.056 0.001
-0.002 0.071 0.055 0.001
-0.003 0.069 0.055 0.001
-0.003 0.067 0.054 0.001
-0.003 0.063 0.054 0.001
-0.003 0.058 0.053 0.001
-0.003 0.053 0.053 0.001
-0.004 0.047 0.053 0.001
-0.004 0.040 0.052 0.001
-0.004 0.033 0.052 0.001
-0.004 0.025 0.051 0.001
-0.004 0.017 0.051 0.001
-0.004 0.009 0.051 0.001
-0.004 -0.000 0.050 0.001
-0.004 -0.009 0.050 0.001
-0.004 -0.018 0.050 0.001
-0.004 -0.026 0.050 0.001
-0.004 -0.035 0.049 0.001
-0.004 -0.043 0.049 0.001
-0.003 -0.050 0.049 0.001
-0.003 -0.057 0.049 0.001
-0.003 -0.064 0.049 0.001
-0.003 -0.070 0.049 0.001
-0.003 -0.075 0.049 0.001
-0.002 -0.079 0.049 0.001
-0.002 -0.082 0.049 0.001
-0.002 -0.084 0.049 0.001
-0.001 -0.085 0.049 0.001
-0.001 -0.085 0.049 0.001
-0.001 -0.085 0.049 0.001
-0.001 -0.083 0.049 0.001
-0.000 -0.080 0.049 0.001
-0.000 -0.076 0.049 0.001
0.000 -0.071 0.049 0.001
0.000 -0.066 0.049 0.001
0.001 -0.059 0.048 0.001
0.001 -0.052 0.048 0.001
0.001 -0.044 0.048 0.001
0.001 -0.036 0.048 0.001
0.001 -0.027 0.048 0.001
0.001 -0.018 0.048 0.001
0.001 -0.008 0.048 0.001
0.001 0.001 0.048 0.001
0.001 0.011 0.047 0.001
0.001 0.021 0.047 0.001
0.001 0.030 0.047 0.001
0.001 0.040 0.047 0.001
0.001 0.048 0.046 0.001
0.001 0.057 0.046 0.001
0.001 0.064 0.046 0.001
0.000 0.071 0.046 0.001
0.000 0.077 0.045 0.001
-0.000 0.083 0.045 0.001
-0.001 0.087 0.045 0.001
-0.001 0.090 0.044 0.001
-0.001 0.092 0.044 0.001
-0.002 0.093 0.044 0.001
-0.002 0.093 0.043 0.001
-0.002 0.092 0.043 0.001
-0.003 0.090 0.042 0.001
-0.003 0.086 0.042 0.001
-0.003 0.081 0.042 0.001
-0.003 0.076 0.041 0.001
-0.004 0.069 0.041 0.001
-0.004 0.061 0.040 0.001
-0.004 0.053 0.040 0.001
-0.004 0.043 0.039 0.001
-0.005 0.033 0.039 0.001
-0.005 0.023 0.039 0.001
-0.005 0.012 0.038 0.001
-0.005 0.001 0.038 0.001
-0.005 -0.011 0.038 0.001
-0.005 -0.022 0.038 0.001
-0.005 -0.033 0.037 0.001
-0.005 -0.044 0.037 0.001
-0.005 -0.055 0.037 0.001
-0.004 -0.065 0.037 0.001
-0.004 -0.074 0.037 0.001
-0.004 -0.082 0.037 0.001
-0.004 -0.090 0.037 0.001
-0.003 -0.096 0.037 0.001
-0.003 -0.102 0.037 0.002
-0.003 -0.106 0.037 0.002
-0.002 -0.109 0.037 0.002
-0.002 -0.111 0.037 0.002
-0.002 -0.111 0.038 0.002
-0.001 -0.110 0.038 0.002
-0.001 -0.108 0.038 0.002
-0.000 -0.104 0.038 0.002
-0.000 -0.100 0.038 0.002
0.000 -0.094 0.038 0.002
0.001 -0.087 0.038 0.002
0.001 -0.078 0.038 0.002
0.001 -0.069 0.038 0.001
0.002 -0.059 0.038 0.001
0.002 -0.049 0.038 0.001
0.002 -0.037 0.038 0.001
0.002 -0.025 0.038 0.001
0.002 -0.013 0.038 0.001
0.002 -0.001 0.038 0.001
0.002 0.012 0.038 0.001
0.002 0.024 0.037 0.001
0.002 0.037 0.037 0.001
0.002 0.049 0.037 0.001
0.002 0.060 0.037 0.001
0.002 0.071 0.037 0.001
0.002 0.081 0.036 0.001
0.001 0.090 0.036 0.000
0.001 0.098 0.036 0.000
0.001 0.105 0.036 0.000
0.001 0.111 0.035 0.000
0.000 0.115 0.035 0.000
-0.000 0.118 0.035 0.000
-0.001 0.120 0.034 0.000
-0.001 0.120 0.034 0.000
-0.001 0.118 0.034 0.000
-0.002 0.115 0.033 0.000
-0.002 0.111 0.033 0.000
-0.003 0.105 0.032 0.000
-0.003 0.098 0.032 0.000
-0.004 0.090 0.031 0.000
-0.004 0.080 0.031 0.000
-0.004 0.069 0.030 0.000
-0.005 0.057 0.030 0.000
-0.005 0.045 0.029 0.000
-0.005 0.031 0.029 0.000
-0.005 0.017 0.028 0.000
-0.005 0.003 0.028 0.001
-0.006 -0.011 0.028 0.001
-0.006 -0.026 0.028 0.001
-0.006 -0.040 0.027 0.001
-0.006 -0.054 0.027 0.001
-0.005 -0.068 0.027 0.001
-0.005 -0.081 0.027 0.001
-0.005 -0.093 0.027 0.001
-0.005 -0.104 0.027 0.001
-0.005 -0.114 0.027 0.001
-0.004 -0.122 0.027 0.001
-0.004 -0.129 0.028 0.001
-0.004 -0.135 0.028 0.002
-0.003 -0.139 0.028 0.002
-0.003 -0.141 0.028 0.002
-0.002 -0.142 0.029 0.002
-0.002 -0.141 0.029 0.002
-0.001 -0.139 0.029 0.002
-0.001 -0.134 0.029 0.002
-0.000 -0.129 0.029 0.002
-0.000 -0.121 0.030 0.002
0.000 -0.112 0.030 0.002
0.001 -0.102 0.030 0.002
0.001 -0.091 0.030 0.002
0.002 -0.078 0.030 0.002
0.002 -0.065 0.030 0.002
0.002 -0.050 0.030 0.001
0.003 -0.035 0.030 0.001
0.003 -0.020 0.030 0.001
0.003 -0.004 0.030 0.001
0.003 0.012 0.030 0.001
0.003 0.028 0.030 0.001
0.003 0.043 0.030 0.001
0.003 0.059 0.030 0.001
0.003 0.073 0.029 0.001
0.003 0.087 0.029 0.001
0.003 0.100 0.029 0.000
0.003 0.112 0.029 0.000
0.002 0.123 0.029 0.000
0.002 0.132 0.028 0.000
0.002 0.139 0.028 0.000
0.001 0.145 0.028 0.000
0.001 0.149 0.027 6.283
0.000 0.152 0.027 6.283
-0.000 0.152 0.027 6.283
-0.001 0.151 0.026 6.283
-0.001 0.147 0.026 6.283
-0.002 0.142 0.025 6.283
-0.002 0.135 0.025 6.283
-0.003 0.126 0.024 6.283
-0.003 0.115 0.023 6.283
-0.004 0.103 0.023 6.283
-0.004 0.089 0.022 6.283
-0.005 0.074 0.022 6.283
-0.005 0.057 0.021 0.000
-0.006 0.040 0.021 0.000
-0.006 0.022 0.020 0.000
-0.006 0.004 0.020 0.000
-0.006 -0.015 0.019 0.000
-0.006 -0.034 0.019 0.000
-0.007 -0.053 0.019 0.001
-0.007 -0.071 0.019 0.001
-0.007 -0.089 0.018 0.001
-0.007 -0.106 0.019 0.001
-0.006 -0.122 0.019 0.001
-0.006 -0.136 0.019 0.001
-0.006 -0.149 0.019 0.001
-0.006 -0.160 0.019 0.001
-0.005 -0.170 0.020 0.001
-0.005 -0.177 0.020 0.002
-0.004 -0.183 0.021 0.002
-0.004 -0.186 0.021 0.002
-0.003 -0.187 0.021 0.002
-0.003 -0.186 0.022 0.002
-0.002 -0.183 0.022 0.002
-0.002 -0.178 0.022 0.002
-0.001 -0.170 0.023 0.002
-0.000 -0.161 0.023 0.002
0.000 -0.149 0.023 0.002
0.001 -0.136 0.023 0.002
0.001 -0.121 0.024 0.002
0.002 -0.105 0.024 0.002
0.002 -0.087 0.024 0.002
0.003 -0.068 0.024 0.002
0.003 -0.048 0.024 0.001
0.004 -0.028 0.024 0.001
0.004 -0.007 0.024 0.001
0.004 0.014 0.024 0.001
0.005 0.035 0.024 0.001
0.005 0.056 0.023 0.001
0.005 0.076 0.023 0.001
0.005 0.096 0.023 0.001
0.005 0.114 0.023 0.000
0.005 0.131 0.023 0.000
0.004 0.147 0.023 0.000
0.004 0.161 0.023 0.000
0.004 0.173 0.022 6.283
0.003 0.184 0.022 6.283
0.003 0.192 0.022 6.283
0.002 0.197 0.021 6.283
0.002 0.201 0.021 6.283
0.001 0.201 0.021 6.283
0.001 0.200 0.020 6.283
-0.000 0.195 0.020 6.283
-0.001 0.188 0.019 6.283
-0.001 0.179 0.018 6.283
-0.002 0.167 0.017 6.283
-0.003 0.153 0.017 6.283
-0.003 0.136 0.016 6.283
-0.004 0.118 0.015 6.283
-0.005 0.097 0.014 6.283
-0.005 0.076 0.013 6.283
-0.006 0.052 0.013 6.283
-0.006 0.028 0.012 6.283
