0.000 0.000 -0.005 0.301
0.000 0.000 -0.005 0.301
0.000 0.000 -0.005 0.301
0.000 0.000 -0.005 0.301
-0.000 0.000 -0.005 0.301
-0.000 0.000 -0.005 0.301
-0.000 0.000 -0.005 0.301
-0.000 0.000 -0.005 0.301
-0.000 0.000 -0.005 0.301
-0.000 0.000 -0.005 0.301
-0.000 0.000 -0.005 0.301
-0.000 0.000 -0.005 0.302
-0.000 0.000 -0.005 0.302
-0.000 0.000 -0.005 0.303
-0.000 0.000 -0.005 0.304
-0.000 0.000 -0.005 0.304
-0.001 0.001 -0.005 0.303
-0.001 0.001 -0.004 0.302
-0.002 0.001 -0.004 0.300
-0.003 0.001 -0.004 0.297
-0.003 0.001 -0.004 0.293
-0.004 0.002 -0.004 0.289
-0.005 0.002 -0.004 0.284
-0.007 0.002 -0.004 0.278
-0.008 0.002 -0.004 0.271
-0.009 0.002 -0.003 0.265
-0.011 0.002 -0.003 0.257
-0.012 0.002 -0.003 0.249
-0.013 0.003 -0.003 0.241
-0.015 0.003 -0.003 0.232
-0.016 0.002 -0.003 0.224
-0.017 0.002 -0.002 0.215
-0.018 0.002 -0.002 0.205
-0.019 0.002 -0.002 0.196
-0.020 0.002 -0.002 0.187
-0.021 0.001 -0.002 0.177
-0.021 0.001 -0.002 0.168
-0.021 0.000 -0.002 0.159
-0.022 -0.000 -0.002 0.150
-0.021 -0.001 -0.002 0.142
-0.021 -0.001 -0.002 0.133
-0.020 -0.002 -0.002 0.125
-0.019 -0.003 -0.002 0.118
-0.018 -0.003 -0.002 0.111
-0.017 -0.004 -0.002 0.104
