0.02
0.10
0.18
0.26
0.34
0.42
0.50
0.58
0.66
0.74
0.82
0.90
0.98
1.06
1.14
1.22
1.30
1.38
1.46
1.54
1.62
1.70
1.78
1.86
1.94
2.02
2.10
2.18
2.26
2.34
2.42
2.50
2.58
2.66
2.74
2.82
2.90
2.98
3.06
3.14
3.22
3.30
3.38
3.46
3.54
3.62
3.70
3.78
3.86
3.94
4.02
4.10
4.18
4.26
4.34
4.42
4.50
4.58
4.66
4.74
4.82
4.90
4.98
5.06
5.14
5.22
5.30
5.38
5.46
5.54
5.62
5.70
5.78
5.86
5.94
6.02
6.10
6.18
6.26
6.34
6.42
6.50
6.58
6.66
6.74
6.82
6.90
6.98
7.06
7.14
7.22
7.30
7.38
7.46
7.54
7.62
7.70
7.78
7.86
7.94
8.02
8.10
8.18
8.26
8.34
8.42
8.50
8.58
8.66
8.74
8.82
8.90
8.98
9.06
9.14
9.22
9.30
9.38
9.46
9.54
9.62
9.70
9.78
9.86
9.94
10.02
10.10
10.18
10.26
10.34
10.42
10.50
10.58
10.66
10.74
10.82
10.90
10.98
11.06
11.14
11.22
11.30
11.38
11.46
11.54
11.62
11.70
11.78
11.86
11.94
12.02
12.10
12.18
12.26
12.34
12.42
12.50
12.58
12.66
12.74
12.82
12.90
12.98
13.06
13.14
13.22
13.30
13.38
13.46
13.54
13.62
13.70
13.78
13.86
13.94
14.02
14.10
14.18
14.26
14.34
14.42
14.50
14.58
14.66
14.74
14.82
14.90
14.98
15.06
15.14
15.22
15.30
15.38
15.46
15.54
15.62
15.70
15.78
15.86
15.94
16.02
16.10
16.18
16.26
16.34
16.42
16.50
16.58
