0.05
0.13
0.21
0.29
0.37
0.45
0.53
0.61
0.69
0.77
0.85
0.93
1.01
1.09
1.17
1.25
1.33
1.41
1.49
1.57
1.65
1.73
1.81
1.89
1.97
2.05
2.13
2.21
2.29
2.37
2.45
2.53
2.61
2.69
2.77
2.85
2.93
3.01
3.09
3.17
3.25
3.33
3.41
3.49
3.57
3.65
3.73
3.81
3.89
3.97
4.05
4.13
4.21
4.29
4.37
4.45
4.53
4.61
4.69
4.77
4.85
4.93
5.01
5.09
5.17
5.25
5.33
5.41
5.49
5.57
5.65
5.73
5.81
5.89
5.97
6.05
6.13
6.21
6.29
6.37
6.45
6.53
6.61
6.69
6.77
6.85
6.93
7.01
7.09
7.17
7.25
7.33
7.41
7.49
7.57
7.65
7.73
7.81
7.89
7.97
8.05
8.13
8.21
8.29
8.37
8.45
8.53
8.61
8.69
8.77
8.85
8.93
9.01
9.09
9.17
9.25
9.33
9.41
9.49
9.57
9.65
9.73
9.81
9.89
9.97
10.05
10.13
10.21
10.29
10.37
10.45
10.53
10.61
10.69
10.77
10.85
10.93
11.01
11.09
11.17
11.25
11.33
11.41
11.49
11.57
11.65
11.73
11.81
11.89
11.97
12.05
12.13
12.21
12.29
12.37
12.45
12.53
12.61
12.69
12.77
12.85
12.93
13.01
13.09
13.17
13.25
13.33
13.41
13.49
13.57
13.65
13.73
13.81
13.89
13.97
14.05
14.13
14.21
14.29
14.37
14.45
14.53
14.61
14.69
14.77
14.85
14.93
15.01
15.09
15.17
15.25
15.33
15.41
15.49
15.57
15.65
15.73
15.81
15.89
15.97
16.05
16.13
16.21
16.29
16.37
16.45
16.53
16.61
16.69
16.77
16.85
16.93
17.01
17.09
17.17
17.25
17.33
17.41
17.49
17.57
17.65
17.73
17.81
17.89
17.97
18.05
18.13
18.21
18.29
18.37
18.45
18.53
18.61
18.69
18.77
18.85
18.93
19.01
19.09
19.17
19.25
19.33
19.41
19.49
19.57
19.65
19.73
19.81
19.89
19.97
20.05
20.13
20.21
20.29
20.37
20.45
20.53
20.61
20.69
20.77
20.85
20.93
21.01
21.09
21.17
21.25
21.33
21.41
21.49
21.57
21.65
21.73
21.81
21.89
21.97
22.05
22.13
22.21
22.29
22.37
22.45
22.53
22.61
22.69
22.77
22.85
22.93
23.01
23.09
23.17
23.25
23.33
23.41
23.49
23.57
23.65
23.73
23.81
23.89
23.97
24.05
24.13
24.21
24.29
24.37
24.45
24.53
24.61
24.69
24.77
24.85
24.93
25.01
25.09
25.17
25.25
25.33
25.41
25.49
25.57
25.65
25.73
25.81
25.89
25.97
26.05
26.13
26.21
26.29
26.37
26.45
26.53
26.61
26.69
26.77
26.85
26.93
27.01
27.09
27.17
27.25
27.33
27.41
27.49
27.57
27.65
27.73
27.81
27.89
27.97
28.05
28.13
28.21
28.29
28.37
28.45
28.53
28.61
28.69
28.77
28.85
28.93
29.01
29.09
29.17
29.25
29.33
29.41
29.49
29.57
29.65
29.73
29.81
29.89
29.97
30.05
30.13
30.21
30.29
30.37
30.45
30.53
30.61
30.69
30.77
30.85
30.93
31.01
31.09
31.17
31.25
31.33
31.41
31.49
31.57
31.65
31.73
31.81
31.89
31.97
32.05
32.13
32.21
32.29
32.37
32.45
32.53
32.61
32.69
32.77
32.85
32.93
33.01
33.09
33.17
33.25
33.33
33.41
33.49
33.57
33.65
33.73
33.81
33.89
33.97
34.05
34.13
34.21
34.29
34.37
34.45
34.53
34.61
34.69
34.77
34.85
34.93
35.01
35.09
35.17
35.25
35.33
35.41
35.49
35.57
35.65
35.73
35.81
35.89
35.97
36.05
36.13
36.21
36.29
36.37
36.45
36.53
36.61
36.69
36.77
36.85
36.93
37.01
37.09
37.17
37.25
37.33
37.41
37.49
37.57
37.65
37.73
37.81
37.89
37.97
38.05
38.13
38.21
38.29
38.37
38.45
38.53
38.61
38.69
38.77
38.85
38.93
39.01
39.09
39.17
39.25
39.33
39.41
39.49
39.57
39.65
39.73
39.81
39.89
39.97
40.05
40.13
40.21
40.29
40.37
40.45
40.53
40.61
40.69
40.77
40.85
40.93
41.01
41.09
41.17
41.25
41.33
41.41
41.49
41.57
41.65
41.73
41.81
41.89
41.97
42.05
42.13
42.21
42.29
42.37
42.45
42.53
42.61
42.69
42.77
42.85
42.93
43.01
43.09
43.17
43.25
43.33
43.41
43.49
43.57
43.65
43.73
43.81
43.89
43.97
44.05
44.13
44.21
44.29
44.37
44.45
44.53
44.61
44.69
44.77
44.85
44.93
45.01
45.09
45.17
45.25
45.33
45.41
45.49
45.57
45.65
45.73
45.81
45.89
45.97
46.05
46.13
46.21
46.29
46.37
46.45
46.53
46.61
46.69
46.77
46.85
46.93
47.01
47.09
47.17
47.25
47.33
47.41
47.49
47.57
47.65
47.73
47.81
47.89
47.97
48.05
48.13
48.21
48.29
48.37
48.45
48.53
48.61
48.69
48.77
48.85
48.93
49.01
49.09
49.17
49.25
49.33
49.41
49.49
49.57
49.65
49.73
49.81
49.89
49.97
