0.07
0.15
0.23
0.31
0.39
0.47
0.55
0.63
0.71
0.79
0.87
0.95
1.03
1.11
1.19
1.27
1.35
1.43
1.51
1.59
1.67
1.75
1.83
1.91
1.99
2.07
2.15
2.23
2.31
2.39
2.47
2.55
2.63
2.71
2.79
2.87
2.95
3.03
3.11
3.19
3.27
3.35
3.43
3.51
3.59
3.67
3.75
3.83
3.91
3.99
4.07
4.15
4.23
4.31
4.39
4.47
4.55
4.63
4.71
4.79
4.87
4.95
5.03
5.11
5.19
5.27
5.35
5.43
5.51
5.59
5.67
5.75
5.83
5.91
5.99
6.07
6.15
6.23
6.31
6.39
6.47
6.55
6.63
6.71
6.79
6.87
6.95
7.03
7.11
7.19
7.27
7.35
7.43
7.51
7.59
7.67
7.75
7.83
7.91
7.99
8.07
8.15
8.23
8.31
8.39
8.47
8.55
8.63
8.71
8.79
8.87
8.95
9.03
9.11
9.19
9.27
9.35
9.43
9.51
9.59
9.67
9.75
9.83
9.91
9.99
10.07
10.15
10.23
10.31
10.39
10.47
10.55
10.63
10.71
10.79
10.87
10.95
11.03
11.11
11.19
11.27
11.35
11.43
11.51
11.59
11.67
11.75
11.83
11.91
11.99
12.07
12.15
12.23
12.31
12.39
12.47
12.55
12.63
12.71
12.79
12.87
12.95
13.03
13.11
13.19
13.27
13.35
13.43
13.51
13.59
13.67
13.75
13.83
13.91
13.99
14.07
14.15
14.23
14.31
14.39
14.47
14.55
14.63
14.71
14.79
14.87
14.95
15.03
15.11
15.19
15.27
15.35
15.43
15.51
15.59
15.67
15.75
15.83
15.91
15.99
16.07
16.15
16.23
16.31
16.39
16.47
16.55
16.63
16.71
16.79
16.87
16.95
17.03
17.11
17.19
17.27
17.35
17.43
17.51
17.59
17.67
17.75
17.83
17.91
17.99
18.07
18.15
18.23
18.31
18.39
18.47
18.55
18.63
18.71
18.79
18.87
18.95
19.03
19.11
19.19
19.27
19.35
19.43
19.51
19.59
19.67
19.75
19.83
19.91
19.99
20.07
20.15
20.23
20.31
20.39
20.47
20.55
20.63
20.71
20.79
20.87
20.95
21.03
21.11
21.19
21.27
21.35
21.43
21.51
21.59
21.67
21.75
21.83
21.91
21.99
22.07
22.15
22.23
22.31
22.39
22.47
22.55
22.63
22.71
22.79
22.87
22.95
23.03
23.11
23.19
23.27
23.35
23.43
23.51
23.59
23.67
23.75
23.83
23.91
23.99
24.07
24.15
24.23
24.31
24.39
24.47
24.55
24.63
24.71
24.79
24.87
24.95
25.03
25.11
25.19
25.27
25.35
25.43
25.51
25.59
25.67
25.75
25.83
25.91
25.99
26.07
26.15
26.23
26.31
26.39
26.47
26.55
26.63
26.71
26.79
26.87
26.95
27.03
27.11
27.19
27.27
27.35
27.43
27.51
27.59
27.67
27.75
27.83
27.91
27.99
28.07
28.15
28.23
28.31
28.39
28.47
28.55
28.63
28.71
28.79
28.87
28.95
29.03
29.11
29.19
29.27
29.35
29.43
29.51
29.59
29.67
29.75
29.83
29.91
29.99
30.07
