0.062 0.791 0.026 -0.051
0.138 0.788 0.008 -0.135
0.086 0.791 -0.032 -0.077
0.018 0.800 -0.082 -0.002
0.054 0.797 -0.059 -0.042
0.061 0.799 -0.057 -0.050
0.082 0.794 -0.060 -0.072
0.078 0.794 -0.059 -0.069
0.072 0.795 -0.023 -0.063
0.013 0.795 -0.074 0.002
0.076 0.791 -0.043 -0.068
0.022 0.790 0.002 -0.009
-0.050 0.789 -0.005 0.070
-0.062 0.782 -0.014 0.082
-0.031 0.784 0.052 0.047
0.003 0.777 -0.095 0.008
0.021 0.776 0.011 -0.012
0.068 0.767 0.009 -0.066
0.063 0.756 -0.002 -0.062
0.078 0.754 -0.013 -0.080
0.073 0.745 -0.014 -0.076
-0.036 0.742 0.028 0.046
-0.015 0.736 -0.009 0.021
-0.007 0.728 -0.037 0.011
0.010 0.716 0.004 -0.009
-0.028 0.708 -0.040 0.033
-0.049 0.694 0.004 0.058
0.023 0.690 0.020 -0.027
-0.004 0.677 -0.031 0.004
-0.042 0.666 -0.000 0.048
-0.032 0.657 0.031 0.035
-0.053 0.645 -0.003 0.060
0.004 0.637 -0.002 -0.009
-0.022 0.629 0.006 0.022
-0.025 0.617 0.002 0.025
-0.019 0.610 0.033 0.019
-0.032 0.598 -0.011 0.034
-0.018 0.590 -0.009 0.017
-0.016 0.582 -0.024 0.014
-0.054 0.573 -0.003 0.062
-0.021 0.568 0.017 0.022
-0.052 0.557 0.001 0.061
-0.040 0.554 -0.009 0.045
-0.043 0.548 0.017 0.049
-0.036 0.544 0.034 0.042
-0.031 0.539 -0.007 0.035
-0.074 0.532 0.011 0.091
-0.033 0.533 0.022 0.039
-0.007 0.533 0.062 0.006
-0.009 0.532 0.038 0.009
-0.008 0.531 0.014 0.008
-0.009 0.530 0.010 0.010
-0.008 0.528 0.005 0.009
-0.027 0.526 -0.001 0.034
-0.058 0.528 0.013 0.073
-0.002 0.533 -0.009 0.003
-0.002 0.529 0.006 0.004
-0.012 0.536 -0.012 0.016
-0.031 0.535 -0.002 0.040
0.025 0.539 -0.003 -0.031
0.036 0.541 -0.004 -0.044
-0.026 0.544 0.000 0.034
-0.016 0.546 0.018 0.022
-0.035 0.547 -0.012 0.046
-0.024 0.550 0.008 0.032
0.001 0.553 0.018 0.000
0.042 0.552 0.002 -0.051
-0.018 0.555 0.025 0.023
0.030 0.555 -0.036 -0.037
0.054 0.552 -0.010 -0.068
0.029 0.556 -0.027 -0.036
0.012 0.551 -0.004 -0.016
-0.004 0.553 -0.003 0.003
-0.020 0.547 0.004 0.024
-0.019 0.547 0.017 0.022
-0.010 0.544 -0.002 0.009
-0.018 0.540 -0.013 0.019
0.009 0.534 -0.071 -0.016
0.020 0.530 -0.041 -0.031
-0.012 0.524 0.020 0.010
-0.000 0.517 0.005 -0.006
0.001 0.511 0.022 -0.009
0.019 0.504 -0.031 -0.033
0.021 0.495 0.017 -0.036
-0.019 0.486 -0.002 0.016
-0.021 0.478 0.011 0.017
-0.015 0.470 0.050 0.009
-0.020 0.459 -0.010 0.016
-0.005 0.453 -0.023 -0.005
-0.002 0.443 -0.014 -0.010
-0.026 0.434 -0.001 0.022
-0.021 0.426 0.005 0.016
0.008 0.418 0.005 -0.024
-0.019 0.409 0.025 0.013
-0.024 0.399 -0.002 0.020
-0.023 0.394 0.007 0.018
-0.015 0.386 -0.002 0.007
-0.025 0.379 0.002 0.021
-0.016 0.375 0.018 0.009
-0.029 0.368 0.008 0.027
-0.013 0.365 -0.006 0.005
-0.011 0.360 -0.005 0.004
-0.008 0.356 0.008 0.000
-0.013 0.352 -0.018 0.007
0.007 0.350 0.012 -0.019
-0.002 0.350 0.026 -0.006
-0.010 0.349 -0.016 0.006
-0.033 0.347 0.010 0.039
-0.017 0.347 0.002 0.017
0.009 0.349 -0.019 -0.019
-0.004 0.352 -0.008 0.000
0.005 0.355 0.031 -0.011
0.042 0.355 0.002 -0.061
0.017 0.358 -0.017 -0.025
0.016 0.364 0.014 -0.024
0.018 0.365 -0.003 -0.025
0.013 0.370 0.015 -0.017
0.019 0.373 -0.001 -0.025
0.020 0.378 -0.005 -0.025
0.012 0.383 0.010 -0.014
0.017 0.386 -0.002 -0.020
0.010 0.389 0.003 -0.009
-0.000 0.392 0.006 0.006
0.023 0.396 0.005 -0.027
0.026 0.400 0.003 -0.030
0.032 0.401 -0.001 -0.038
0.017 0.404 0.006 -0.017
0.012 0.405 0.004 -0.010
0.037 0.405 0.014 -0.044
0.019 0.405 -0.002 -0.020
0.031 0.405 0.015 -0.036
0.024 0.403 -0.015 -0.027
0.010 0.402 0.021 -0.008
0.001 0.397 -0.007 0.003
0.014 0.395 -0.008 -0.015
0.025 0.392 0.011 -0.030
0.014 0.388 0.024 -0.015
-0.008 0.381 0.011 0.013
-0.007 0.376 0.011 0.012
0.002 0.370 0.012 -0.003
0.021 0.361 0.010 -0.030
0.015 0.353 -0.013 -0.022
0.007 0.345 0.011 -0.011
-0.013 0.337 0.013 0.016
-0.032 0.327 0.003 0.042
-0.016 0.320 -0.005 0.019
-0.011 0.311 0.007 0.010
-0.009 0.301 0.003 0.007
-0.024 0.293 0.001 0.028
-0.016 0.285 0.003 0.016
-0.021 0.275 0.006 0.022
-0.028 0.267 -0.006 0.032
-0.026 0.260 0.004 0.028
-0.020 0.253 0.005 0.020
-0.027 0.245 0.007 0.030
-0.019 0.240 -0.001 0.018
-0.021 0.234 -0.001 0.021
-0.021 0.229 0.010 0.021
-0.028 0.224 0.005 0.032
-0.018 0.222 0.002 0.016
-0.024 0.218 0.005 0.027
-0.011 0.217 -0.012 0.008
-0.035 0.213 0.002 0.046
-0.019 0.216 0.005 0.021
-0.014 0.217 -0.002 0.014
-0.024 0.217 0.004 0.031
-0.012 0.220 -0.004 0.014
-0.013 0.223 -0.002 0.015
-0.022 0.226 0.003 0.031
-0.008 0.230 -0.003 0.010
-0.022 0.234 -0.001 0.032
-0.009 0.240 0.001 0.015
0.006 0.244 -0.003 -0.007
0.004 0.251 0.004 -0.003
0.010 0.258 0.005 -0.011
0.019 0.263 -0.004 -0.023
0.015 0.269 -0.002 -0.016
0.019 0.276 0.002 -0.021
0.034 0.281 -0.003 -0.042
0.035 0.287 -0.008 -0.043
0.030 0.293 -0.003 -0.035
0.029 0.298 -0.009 -0.033
0.025 0.302 -0.000 -0.026
0.026 0.306 0.008 -0.027
0.026 0.310 0.002 -0.027
0.025 0.312 0.005 -0.025
0.028 0.313 -0.001 -0.031
0.043 0.313 -0.003 -0.052
0.032 0.315 0.001 -0.037
0.031 0.313 -0.018 -0.036
0.014 0.313 -0.005 -0.012
0.038 0.309 -0.006 -0.048
0.019 0.307 -0.001 -0.020
0.020 0.301 -0.013 -0.024
0.032 0.295 -0.008 -0.042
0.037 0.288 -0.009 -0.051
0.005 0.283 -0.014 -0.005
0.018 0.275 0.000 -0.026
0.001 0.268 0.006 -0.003
0.017 0.258 -0.008 -0.028
0.010 0.250 -0.015 -0.019
0.010 0.239 -0.002 -0.020
-0.013 0.230 0.008 0.013
-0.012 0.219 -0.001 0.011
-0.029 0.208 0.006 0.035
-0.023 0.199 0.000 0.024
-0.014 0.190 -0.006 0.009
-0.023 0.179 0.001 0.022
-0.023 0.169 -0.005 0.021
-0.024 0.160 0.004 0.021
-0.025 0.151 0.003 0.023
-0.019 0.144 0.001 0.013
-0.024 0.136 0.002 0.020
-0.026 0.129 0.001 0.023
-0.023 0.124 0.006 0.018
-0.021 0.119 -0.004 0.016
-0.023 0.116 0.003 0.020
-0.022 0.113 0.005 0.018
-0.020 0.111 0.002 0.016
-0.020 0.111 -0.003 0.018
-0.024 0.110 0.005 0.025
-0.021 0.112 0.003 0.022
-0.017 0.115 -0.003 0.016
-0.022 0.118 0.001 0.027
-0.025 0.121 0.002 0.034
-0.019 0.128 -0.007 0.026
-0.017 0.134 0.005 0.025
-0.012 0.142 0.010 0.019
-0.020 0.148 0.001 0.035
-0.019 0.156 0.009 0.035
-0.002 0.166 -0.002 0.009
-0.013 0.174 -0.003 0.029
-0.005 0.183 0.002 0.019
0.012 0.193 0.002 -0.005
0.023 0.201 -0.001 -0.020
0.011 0.211 -0.004 0.000
0.022 0.220 -0.003 -0.016
0.027 0.228 -0.010 -0.021
0.028 0.236 -0.010 -0.023
0.030 0.243 -0.008 -0.024
0.029 0.250 -0.000 -0.021
0.030 0.255 0.004 -0.022
0.026 0.260 0.005 -0.016
0.029 0.263 0.006 -0.020
0.036 0.266 0.002 -0.031
0.035 0.267 0.002 -0.031
0.028 0.267 -0.013 -0.021
0.029 0.266 0.003 -0.023
0.032 0.263 -0.015 -0.029
0.025 0.260 -0.001 -0.020
0.044 0.254 -0.010 -0.051
0.038 0.249 -0.005 -0.043
0.023 0.244 -0.001 -0.022
0.024 0.235 -0.016 -0.026
0.024 0.226 -0.010 -0.030
0.023 0.216 -0.001 -0.031
0.003 0.206 -0.000 -0.003
0.016 0.194 0.002 -0.026
0.002 0.182 -0.001 -0.006
-0.013 0.169 0.003 0.014
-0.015 0.156 -0.002 0.014
-0.019 0.144 0.008 0.018
-0.014 0.131 0.004 0.008
-0.019 0.118 0.006 0.013
-0.017 0.105 0.000 0.006
-0.018 0.093 0.005 0.006
-0.017 0.082 -0.000 0.002
-0.022 0.069 -0.000 0.009
-0.021 0.060 -0.001 0.004
-0.023 0.051 -0.003 0.007
-0.022 0.042 -0.002 0.004
-0.024 0.035 -0.000 0.007
-0.022 0.029 -0.001 0.003
-0.025 0.024 -0.002 0.008
-0.025 0.021 -0.002 0.009
-0.023 0.020 -0.002 0.007
-0.022 0.019 -0.002 0.006
-0.023 0.020 -0.001 0.009
-0.022 0.023 -0.003 0.009
-0.021 0.026 0.000 0.010
-0.020 0.033 -0.001 0.012
-0.017 0.040 -0.006 0.009
-0.017 0.047 -0.003 0.013
-0.014 0.057 0.003 0.012
-0.010 0.068 0.001 0.009
-0.010 0.080 0.002 0.013
-0.010 0.092 0.002 0.017
-0.006 0.105 0.002 0.015
-0.003 0.118 -0.001 0.013
0.013 0.132 -0.002 -0.008
0.013 0.146 -0.004 -0.005
0.009 0.161 -0.005 0.007
0.021 0.174 -0.004 -0.010
0.019 0.188 -0.011 -0.003
0.026 0.201 -0.011 -0.010
0.030 0.212 -0.006 -0.013
0.033 0.224 -0.005 -0.015
0.032 0.234 0.004 -0.012
0.028 0.244 -0.005 -0.003
0.036 0.250 -0.004 -0.014
0.031 0.257 0.001 -0.005
0.031 0.261 0.002 -0.004
0.032 0.264 -0.002 -0.007
0.040 0.264 -0.001 -0.019
0.039 0.264 0.005 -0.019
0.035 0.261 -0.009 -0.014
0.037 0.257 -0.008 -0.018
0.030 0.252 0.001 -0.009
0.029 0.244 -0.013 -0.011
0.036 0.233 -0.001 -0.025
0.036 0.222 -0.008 -0.029
0.029 0.210 -0.009 -0.022
0.015 0.197 0.004 -0.003
0.021 0.181 -0.009 -0.018
0.013 0.165 -0.005 -0.011
0.014 0.149 -0.004 -0.016
0.004 0.132 -0.004 -0.006
-0.006 0.114 0.005 0.007
-0.009 0.095 0.001 0.006
-0.013 0.077 0.003 0.006
-0.017 0.058 0.001 0.010
-0.018 0.040 0.002 0.007
-0.019 0.023 0.000 0.003
-0.022 0.007 0.002 0.004
-0.025 -0.009 -0.001 0.005
-0.029 -0.023 -0.002 0.008
-0.030 -0.036 -0.001 0.006
-0.030 -0.048 -0.001 0.003
-0.032 -0.058 -0.004 0.004
-0.034 -0.066 -0.006 0.006
-0.034 -0.072 -0.006 0.006
-0.032 -0.076 -0.007 0.001
-0.033 -0.078 -0.006 0.003
-0.036 -0.078 -0.003 0.010
-0.031 -0.075 -0.001 0.003
-0.031 -0.071 -0.002 0.004
-0.029 -0.063 -0.003 0.004
-0.029 -0.054 0.003 0.009
-0.027 -0.043 -0.006 0.009
-0.021 -0.030 -0.003 0.004
-0.020 -0.014 0.002 0.006
-0.018 0.003 0.002 0.009
-0.015 0.021 0.003 0.010
-0.012 0.041 0.002 0.010
-0.012 0.061 0.007 0.018
-0.008 0.083 0.005 0.018
0.005 0.105 0.000 0.002
0.014 0.127 -0.001 -0.005
0.015 0.149 0.003 0.000
0.018 0.171 -0.004 0.001
0.025 0.192 -0.002 -0.003
0.027 0.212 0.001 -0.002
0.028 0.231 -0.003 0.002
0.034 0.249 -0.003 -0.003
0.038 0.264 -0.000 -0.005
0.044 0.277 -0.010 -0.010
0.045 0.289 -0.007 -0.008
0.044 0.300 -0.007 -0.004
0.043 0.307 -0.001 -0.001
0.046 0.310 -0.005 -0.006
0.052 0.312 0.008 -0.013
0.052 0.310 0.004 -0.014
0.046 0.307 0.001 -0.007
0.043 0.300 -0.002 -0.004
0.037 0.292 0.005 0.001
0.033 0.280 0.006 0.005
0.051 0.264 -0.009 -0.026
0.042 0.247 -0.014 -0.018
0.030 0.230 0.005 -0.005
0.030 0.208 -0.005 -0.011
0.024 0.185 -0.008 -0.008
0.017 0.160 -0.005 -0.005
0.012 0.135 -0.003 -0.003
0.016 0.108 -0.007 -0.018
0.008 0.081 0.004 -0.013
-0.008 0.052 0.003 0.006
