-0.134 -0.003 -0.006 0.013
-0.332 -0.007 -0.008 0.024
-0.332 -0.007 -0.006 0.024
-0.329 -0.007 -0.003 0.018
-0.332 -0.007 -0.008 0.023
-0.332 -0.008 -0.008 0.022
-0.335 -0.008 -0.011 0.026
-0.327 -0.005 -0.006 0.010
-0.325 -0.004 -0.006 0.006
-0.327 -0.005 0.003 0.009
-0.326 -0.005 -0.002 0.008
-0.326 -0.005 -0.009 0.009
-0.322 -0.005 -0.004 0.003
-0.319 -0.004 -0.002 -0.001
-0.325 -0.005 -0.007 0.012
-0.323 -0.004 -0.010 0.010
-0.318 -0.004 -0.014 0.004
-0.318 -0.004 -0.017 0.009
-0.314 -0.004 -0.013 0.006
-0.310 -0.003 -0.012 0.004
-0.307 -0.002 -0.008 0.003
-0.303 -0.002 -0.011 0.002
-0.299 -0.001 -0.004 0.002
-0.297 -0.001 -0.006 0.004
-0.292 -0.001 -0.004 0.002
-0.289 -0.000 0.000 0.004
-0.285 0.000 -0.002 0.004
-0.282 -0.000 -0.004 0.007
-0.275 0.001 -0.002 0.002
-0.270 0.001 -0.002 0.002
-0.264 0.001 -0.009 0.000
-0.261 0.002 0.001 0.002
-0.257 0.003 0.002 0.004
-0.253 0.003 0.002 0.005
-0.248 0.003 0.004 0.004
-0.244 0.003 0.003 0.003
-0.239 0.003 0.002 0.002
-0.234 0.003 0.002 0.001
-0.232 0.003 0.003 0.002
-0.227 0.003 0.002 0.000
-0.224 0.003 0.001 0.000
-0.223 0.002 0.000 0.003
-0.219 0.002 0.000 0.001
-0.218 0.002 0.004 0.003
-0.215 0.002 0.002 0.001
-0.216 0.001 0.003 0.005
-0.213 0.001 0.007 0.003
-0.214 0.001 0.003 0.005
-0.215 0.000 0.006 0.007
-0.215 -0.001 0.007 0.007
-0.215 -0.000 0.011 0.006
-0.214 -0.001 0.012 0.004
-0.214 -0.001 0.007 0.002
-0.215 -0.001 0.004 0.002
-0.215 -0.002 0.001 0.001
-0.218 -0.002 0.001 0.003
-0.219 -0.002 0.003 0.001
-0.220 -0.002 0.004 -0.000
-0.223 -0.004 0.002 0.003
-0.224 -0.004 0.000 0.001
-0.226 -0.004 -0.001 0.000
-0.228 -0.004 -0.002 0.001
-0.230 -0.004 -0.003 0.001
-0.233 -0.005 0.000 0.005
-0.233 -0.004 -0.001 0.001
-0.237 -0.004 -0.000 0.006
-0.237 -0.004 0.001 0.004
-0.237 -0.003 0.002 0.001
-0.240 -0.004 0.001 0.006
-0.238 -0.004 -0.002 0.003
-0.236 -0.004 -0.003 0.000
-0.233 -0.004 -0.003 -0.004
-0.233 -0.003 0.000 -0.003
-0.231 -0.002 0.000 -0.004
-0.232 -0.002 0.002 -0.001
-0.228 -0.002 -0.001 -0.003
-0.227 -0.002 -0.001 -0.001
-0.224 -0.001 -0.001 -0.002
-0.220 -0.000 -0.000 -0.004
-0.215 0.000 0.000 -0.006
-0.210 0.001 0.000 -0.007
-0.206 0.001 0.001 -0.007
-0.204 0.001 -0.002 -0.004
-0.199 0.002 -0.002 -0.004
-0.195 0.002 -0.003 -0.003
-0.189 0.003 -0.003 -0.004
-0.185 0.003 -0.005 -0.003
-0.179 0.004 -0.006 -0.004
-0.173 0.004 -0.004 -0.005
-0.167 0.005 -0.002 -0.007
-0.163 0.005 -0.001 -0.005
-0.159 0.005 0.001 -0.004
-0.155 0.005 0.000 -0.003
-0.151 0.005 -0.000 -0.001
-0.148 0.006 0.004 0.001
-0.144 0.005 0.002 -0.000
-0.140 0.005 0.006 -0.001
-0.137 0.005 0.006 -0.000
-0.134 0.004 0.005 -0.001
-0.131 0.004 0.001 -0.001
-0.130 0.003 0.000 -0.001
-0.130 0.003 -0.002 0.002
-0.127 0.003 0.002 -0.001
-0.126 0.002 0.000 -0.002
-0.126 0.002 0.005 -0.003
-0.127 0.001 0.002 -0.002
-0.128 0.001 -0.000 -0.002
-0.130 0.000 0.000 -0.002
-0.133 -0.000 0.001 0.000
-0.136 -0.001 -0.000 0.001
-0.139 -0.002 -0.004 0.002
-0.142 -0.003 -0.000 0.001
-0.144 -0.003 0.001 -0.002
-0.146 -0.004 0.002 -0.004
-0.150 -0.004 0.005 -0.003
-0.154 -0.005 0.000 -0.003
-0.157 -0.004 0.003 -0.006
-0.160 -0.004 0.003 -0.006
-0.164 -0.005 -0.001 -0.006
-0.170 -0.005 -0.001 -0.003
-0.173 -0.005 -0.001 -0.004
-0.176 -0.005 -0.001 -0.003
-0.178 -0.006 -0.002 -0.005
-0.180 -0.006 -0.001 -0.007
-0.180 -0.006 -0.003 -0.011
-0.183 -0.005 -0.003 -0.008
-0.185 -0.004 -0.003 -0.008
-0.186 -0.004 -0.007 -0.006
-0.186 -0.003 -0.002 -0.008
-0.186 -0.003 -0.003 -0.007
-0.185 -0.003 0.002 -0.006
-0.182 -0.002 0.003 -0.008
-0.182 -0.002 -0.000 -0.006
-0.180 -0.002 0.001 -0.004
-0.177 -0.001 0.004 -0.003
-0.174 -0.000 0.001 -0.002
-0.169 0.000 -0.004 -0.002
-0.164 0.001 -0.006 -0.002
-0.159 0.001 -0.004 -0.001
-0.153 0.002 -0.005 -0.002
-0.147 0.003 -0.002 -0.002
-0.141 0.004 -0.001 -0.001
-0.134 0.005 0.000 -0.001
-0.128 0.006 0.002 0.001
-0.121 0.006 0.002 0.001
-0.114 0.006 -0.005 0.001
-0.107 0.006 -0.005 0.001
-0.101 0.007 -0.004 0.001
-0.094 0.008 -0.002 0.002
-0.090 0.009 0.000 0.005
-0.085 0.009 0.002 0.007
-0.077 0.008 0.002 0.003
-0.073 0.007 0.003 0.006
-0.070 0.007 0.002 0.007
-0.067 0.007 0.001 0.009
-0.065 0.006 -0.001 0.011
-0.059 0.006 -0.000 0.006
-0.057 0.005 0.001 0.005
-0.054 0.004 0.002 0.002
-0.054 0.003 0.002 0.003
-0.056 0.003 0.004 0.005
-0.059 0.003 0.002 0.008
-0.060 0.002 -0.001 0.006
-0.062 0.001 -0.003 0.004
-0.065 -0.001 0.001 0.004
-0.068 -0.002 -0.000 0.001
-0.074 -0.003 0.001 0.004
-0.078 -0.004 -0.002 0.000
-0.084 -0.004 0.001 -0.000
-0.090 -0.005 -0.002 0.001
-0.095 -0.006 -0.001 -0.004
-0.102 -0.007 -0.004 -0.003
-0.108 -0.008 -0.004 -0.004
-0.116 -0.008 -0.004 -0.004
-0.124 -0.009 -0.005 -0.003
-0.129 -0.009 -0.002 -0.005
-0.137 -0.009 -0.001 -0.003
-0.143 -0.010 -0.004 -0.005
-0.148 -0.010 -0.003 -0.007
-0.154 -0.010 -0.003 -0.007
-0.161 -0.010 -0.002 -0.004
-0.164 -0.010 -0.002 -0.006
-0.166 -0.009 -0.004 -0.008
-0.170 -0.008 -0.002 -0.006
-0.173 -0.007 -0.000 -0.006
-0.173 -0.007 -0.002 -0.008
-0.173 -0.006 0.003 -0.008
-0.173 -0.005 -0.002 -0.005
-0.171 -0.004 -0.005 -0.006
-0.166 -0.003 -0.004 -0.009
-0.162 -0.002 0.000 -0.009
-0.159 0.000 0.006 -0.007
-0.154 0.002 0.007 -0.006
-0.148 0.002 -0.001 -0.004
-0.140 0.003 -0.001 -0.005
-0.133 0.004 -0.005 -0.002
-0.125 0.005 -0.001 -0.001
-0.115 0.008 0.002 -0.003
-0.105 0.009 0.002 -0.003
-0.096 0.009 -0.001 -0.001
-0.086 0.010 -0.003 -0.000
-0.075 0.011 -0.003 -0.000
-0.066 0.011 -0.003 0.003
-0.057 0.012 0.001 0.006
-0.046 0.012 0.000 0.005
-0.037 0.013 -0.003 0.006
-0.028 0.012 -0.003 0.007
-0.019 0.013 -0.003 0.006
