-0.000 -0.001 -0.115 0.001
-0.001 -0.001 -0.164 0.003
-0.000 -0.001 -0.163 0.001
-0.000 -0.001 -0.166 0.001
-0.001 -0.001 -0.165 0.003
0.000 0.001 -0.158 -0.001
0.000 -0.000 -0.161 -0.000
0.000 0.000 -0.159 -0.000
-0.001 -0.000 -0.163 0.002
0.000 0.000 -0.161 0.000
-0.001 0.000 -0.160 0.004
-0.000 0.001 -0.157 0.000
-0.001 0.001 -0.159 0.002
-0.001 0.000 -0.161 0.004
-0.001 0.002 -0.155 0.003
-0.002 0.001 -0.157 0.006
-0.001 0.002 -0.151 0.003
-0.001 0.001 -0.158 0.003
-0.002 0.001 -0.155 0.004
-0.001 0.001 -0.156 0.004
-0.001 0.002 -0.150 0.002
-0.001 0.001 -0.155 0.004
-0.002 0.001 -0.153 0.004
-0.001 0.002 -0.148 0.002
-0.002 0.001 -0.152 0.004
-0.002 0.001 -0.150 0.005
-0.001 0.001 -0.147 0.002
-0.002 0.001 -0.146 0.005
-0.001 0.001 -0.144 0.003
-0.002 0.001 -0.143 0.004
-0.001 0.001 -0.143 0.003
-0.001 0.001 -0.140 0.003
-0.002 0.000 -0.141 0.004
-0.002 0.001 -0.137 0.004
-0.002 0.000 -0.138 0.004
-0.003 0.000 -0.135 0.008
-0.002 -0.000 -0.136 0.005
-0.002 -0.000 -0.135 0.005
-0.003 -0.000 -0.134 0.008
-0.002 -0.000 -0.133 0.005
-0.002 -0.001 -0.135 0.005
-0.002 -0.001 -0.133 0.005
-0.003 -0.001 -0.131 0.007
-0.002 -0.001 -0.132 0.004
-0.003 -0.002 -0.133 0.007
-0.002 -0.002 -0.132 0.004
-0.002 -0.002 -0.132 0.004
-0.003 -0.002 -0.129 0.007
-0.003 -0.001 -0.128 0.006
-0.002 -0.002 -0.130 0.005
-0.001 -0.003 -0.133 0.002
-0.001 -0.002 -0.131 0.001
-0.001 -0.002 -0.130 -0.000
-0.003 -0.002 -0.131 0.006
-0.001 -0.002 -0.129 0.000
-0.001 -0.002 -0.132 0.002
-0.000 -0.002 -0.129 -0.001
-0.001 -0.002 -0.129 0.001
-0.001 -0.002 -0.130 0.001
-0.001 -0.001 -0.128 0.000
-0.001 -0.001 -0.126 -0.000
-0.000 0.000 -0.125 -0.002
0.001 0.000 -0.127 -0.005
-0.000 0.001 -0.125 -0.002
-0.001 0.001 -0.124 -0.001
-0.003 0.002 -0.125 0.003
-0.002 0.002 -0.123 0.002
-0.002 0.002 -0.122 0.002
-0.002 0.003 -0.121 0.001
-0.002 0.003 -0.121 0.002
-0.002 0.003 -0.119 0.001
-0.002 0.003 -0.121 0.002
-0.001 0.003 -0.118 -0.001
-0.002 0.003 -0.119 0.001
-0.001 0.004 -0.116 -0.001
-0.002 0.003 -0.117 0.001
-0.001 0.003 -0.115 -0.001
-0.001 0.003 -0.117 0.000
-0.001 0.003 -0.115 -0.001
-0.001 0.003 -0.114 -0.001
-0.001 0.002 -0.116 -0.001
-0.000 0.003 -0.111 -0.002
-0.001 0.002 -0.113 -0.001
-0.001 0.001 -0.112 -0.001
0.000 0.001 -0.111 -0.004
0.000 0.001 -0.107 -0.003
-0.001 0.001 -0.106 -0.001
-0.001 -0.000 -0.108 -0.001
-0.001 -0.001 -0.107 -0.001
-0.001 -0.002 -0.110 -0.000
-0.001 -0.002 -0.109 -0.001
0.000 -0.003 -0.108 -0.003
0.000 -0.003 -0.108 -0.003
-0.000 -0.003 -0.107 -0.002
-0.000 -0.004 -0.106 -0.001
0.000 -0.004 -0.106 -0.002
0.001 -0.004 -0.104 -0.005
0.002 -0.004 -0.104 -0.007
0.002 -0.005 -0.105 -0.007
0.001 -0.005 -0.104 -0.004
-0.001 -0.005 -0.104 0.001
-0.001 -0.006 -0.105 0.001
-0.000 -0.005 -0.104 0.000
0.001 -0.005 -0.102 -0.004
0.000 -0.004 -0.100 -0.002
-0.000 -0.004 -0.102 -0.001
0.000 -0.004 -0.104 -0.001
0.002 -0.004 -0.102 -0.005
0.001 -0.003 -0.103 -0.003
0.000 -0.003 -0.104 -0.002
-0.000 -0.002 -0.101 -0.000
-0.001 -0.001 -0.100 0.002
-0.001 -0.001 -0.100 0.003
-0.001 0.000 -0.100 0.002
-0.000 0.001 -0.100 0.000
-0.000 0.002 -0.099 0.000
0.000 0.003 -0.098 -0.001
-0.001 0.003 -0.098 0.001
-0.001 0.005 -0.095 0.003
-0.000 0.006 -0.095 -0.000
0.001 0.006 -0.096 -0.003
0.001 0.007 -0.094 -0.003
-0.000 0.007 -0.097 -0.000
-0.000 0.008 -0.094 -0.000
-0.001 0.008 -0.097 0.002
-0.000 0.009 -0.093 -0.000
-0.002 0.008 -0.096 0.004
-0.000 0.009 -0.093 0.000
-0.002 0.009 -0.094 0.005
-0.001 0.009 -0.092 0.003
-0.000 0.009 -0.090 -0.000
-0.003 0.008 -0.094 0.006
-0.003 0.008 -0.091 0.006
-0.002 0.008 -0.089 0.003
-0.001 0.007 -0.089 0.002
-0.001 0.006 -0.091 0.002
0.000 0.005 -0.092 -0.001
0.001 0.004 -0.090 -0.005
0.000 0.003 -0.089 -0.002
-0.002 0.002 -0.086 0.003
-0.003 0.000 -0.086 0.005
-0.002 -0.001 -0.086 0.005
-0.002 -0.002 -0.087 0.004
0.000 -0.004 -0.088 -0.002
0.000 -0.005 -0.089 -0.002
0.001 -0.006 -0.086 -0.003
-0.001 -0.007 -0.086 0.003
0.001 -0.008 -0.086 -0.003
0.001 -0.010 -0.088 -0.004
-0.000 -0.011 -0.086 -0.001
0.000 -0.012 -0.086 -0.002
0.000 -0.012 -0.085 -0.002
0.000 -0.013 -0.084 -0.002
-0.001 -0.013 -0.085 0.000
-0.001 -0.014 -0.082 0.002
-0.002 -0.014 -0.081 0.004
-0.001 -0.013 -0.080 0.002
-0.000 -0.013 -0.081 0.000
0.001 -0.013 -0.083 -0.002
0.002 -0.012 -0.083 -0.005
0.001 -0.012 -0.081 -0.004
0.001 -0.011 -0.083 -0.002
0.000 -0.010 -0.080 -0.001
-0.001 -0.009 -0.081 0.003
-0.000 -0.008 -0.080 0.000
0.000 -0.006 -0.079 -0.001
0.000 -0.005 -0.080 -0.001
-0.000 -0.003 -0.078 0.000
0.000 -0.001 -0.078 -0.001
-0.001 0.000 -0.078 0.001
0.000 0.002 -0.076 -0.002
-0.001 0.003 -0.076 0.001
-0.000 0.005 -0.074 0.000
0.001 0.007 -0.076 -0.002
0.000 0.008 -0.077 -0.002
-0.000 0.010 -0.075 -0.000
-0.001 0.011 -0.076 0.001
-0.001 0.012 -0.075 0.003
-0.001 0.014 -0.074 0.001
-0.000 0.015 -0.076 -0.000
0.000 0.015 -0.076 -0.002
0.001 0.016 -0.074 -0.004
-0.000 0.017 -0.073 -0.000
-0.000 0.017 -0.073 -0.000
-0.001 0.017 -0.074 0.000
-0.001 0.016 -0.073 0.001
-0.001 0.016 -0.072 0.000
0.001 0.016 -0.071 -0.004
0.001 0.015 -0.071 -0.004
0.000 0.014 -0.072 -0.003
0.001 0.013 -0.071 -0.006
0.001 0.012 -0.070 -0.004
-0.001 0.010 -0.069 -0.001
-0.001 0.009 -0.070 0.001
-0.002 0.007 -0.070 0.004
-0.001 0.005 -0.072 0.000
0.002 0.004 -0.070 -0.008
-0.001 0.002 -0.068 0.000
-0.001 0.000 -0.067 -0.000
-0.001 -0.002 -0.068 0.000
0.000 -0.004 -0.068 -0.002
0.001 -0.005 -0.066 -0.003
-0.002 -0.008 -0.069 0.004
-0.001 -0.009 -0.070 0.002
-0.000 -0.011 -0.066 -0.001
0.001 -0.012 -0.065 -0.005
0.001 -0.013 -0.063 -0.002
-0.002 -0.015 -0.064 0.005
-0.002 -0.016 -0.065 0.005
-0.002 -0.017 -0.067 0.004
-0.001 -0.017 -0.066 0.002
-0.002 -0.018 -0.065 0.005
-0.001 -0.018 -0.064 0.003
-0.000 -0.018 -0.062 0.001
-0.001 -0.018 -0.064 0.003
-0.001 -0.018 -0.065 0.005
0.000 -0.017 -0.065 -0.000
0.000 -0.016 -0.065 0.001
-0.000 -0.015 -0.062 0.001
0.000 -0.014 -0.063 0.001
-0.000 -0.012 -0.059 0.001
-0.000 -0.010 -0.060 0.001
0.001 -0.008 -0.062 -0.003
0.000 -0.007 -0.062 0.000
-0.000 -0.004 -0.060 0.001
-0.000 -0.002 -0.060 0.001
0.002 -0.000 -0.061 -0.005
0.001 0.002 -0.059 -0.001
-0.001 0.004 -0.060 0.003
-0.001 0.007 -0.057 0.002
0.002 0.009 -0.059 -0.004
0.000 0.010 -0.060 -0.000
-0.000 0.012 -0.059 -0.000
0.000 0.014 -0.060 -0.001
0.002 0.016 -0.056 -0.005
0.001 0.017 -0.058 -0.004
0.001 0.019 -0.059 -0.003
-0.000 0.020 -0.057 -0.000
-0.000 0.020 -0.058 -0.001
-0.001 0.021 -0.058 0.002
-0.002 0.021 -0.057 0.003
-0.003 0.021 -0.059 0.006
-0.003 0.021 -0.060 0.006
-0.003 0.021 -0.058 0.006
-0.000 0.020 -0.061 -0.001
-0.002 0.019 -0.060 0.003
-0.002 0.018 -0.060 0.004
-0.003 0.016 -0.057 0.006
-0.003 0.015 -0.058 0.005
-0.001 0.013 -0.059 -0.000
-0.000 0.011 -0.057 -0.001
-0.003 0.009 -0.056 0.006
-0.001 0.007 -0.055 -0.000
0.001 0.005 -0.054 -0.004
0.001 0.003 -0.056 -0.004
-0.001 -0.000 -0.054 0.001
-0.000 -0.003 -0.056 -0.002
-0.001 -0.005 -0.055 -0.000
-0.000 -0.007 -0.054 -0.001
0.000 -0.010 -0.054 -0.002
-0.001 -0.012 -0.055 0.002
-0.000 -0.014 -0.052 -0.001
0.000 -0.016 -0.051 -0.003
-0.000 -0.018 -0.053 -0.001
-0.001 -0.019 -0.051 0.002
-0.002 -0.021 -0.053 0.004
-0.001 -0.022 -0.052 0.001
-0.000 -0.022 -0.051 0.000
0.000 -0.023 -0.051 -0.001
0.000 -0.023 -0.049 -0.001
-0.000 -0.023 -0.047 0.000
-0.001 -0.023 -0.047 0.002
-0.000 -0.022 -0.048 0.001
0.002 -0.021 -0.048 -0.004
0.001 -0.020 -0.048 -0.003
0.001 -0.019 -0.049 -0.002
0.001 -0.017 -0.051 -0.001
-0.000 -0.016 -0.050 0.002
-0.000 -0.014 -0.050 0.001
-0.000 -0.011 -0.046 0.001
0.001 -0.009 -0.049 -0.002
0.000 -0.006 -0.049 0.000
0.000 -0.003 -0.047 -0.000
0.001 -0.001 -0.048 -0.001
0.001 0.002 -0.049 -0.001
-0.000 0.005 -0.048 0.001
0.000 0.008 -0.046 -0.000
0.001 0.011 -0.048 -0.001
-0.000 0.013 -0.047 0.001
0.001 0.015 -0.048 -0.002
0.001 0.018 -0.047 -0.003
0.000 0.020 -0.046 -0.001
-0.001 0.022 -0.048 0.002
0.001 0.024 -0.045 -0.002
0.001 0.025 -0.047 -0.003
0.002 0.026 -0.048 -0.006
0.000 0.027 -0.046 -0.002
0.000 0.027 -0.047 -0.002
-0.001 0.028 -0.047 0.001
-0.000 0.027 -0.047 -0.001
-0.000 0.027 -0.047 -0.002
-0.001 0.026 -0.047 0.002
-0.001 0.025 -0.046 0.000
-0.001 0.024 -0.044 0.001
-0.001 0.022 -0.045 -0.001
-0.000 0.020 -0.044 -0.002
-0.003 0.017 -0.043 0.006
-0.003 0.015 -0.042 0.006
-0.000 0.012 -0.045 -0.002
-0.001 0.010 -0.043 0.001
-0.000 0.007 -0.043 -0.002
-0.001 0.003 -0.044 0.001
-0.000 0.000 -0.043 -0.002
-0.002 -0.003 -0.041 0.003
-0.001 -0.006 -0.042 0.000
-0.000 -0.009 -0.043 -0.002
-0.001 -0.012 -0.042 0.002
-0.001 -0.015 -0.042 -0.000
-0.001 -0.018 -0.040 0.000
-0.002 -0.020 -0.043 0.003
-0.000 -0.022 -0.040 -0.001
-0.001 -0.025 -0.044 0.000
0.001 -0.026 -0.041 -0.004
-0.001 -0.028 -0.041 0.001
-0.001 -0.029 -0.044 0.003
0.001 -0.029 -0.039 -0.002
-0.001 -0.030 -0.040 0.002
-0.000 -0.030 -0.040 0.001
0.001 -0.030 -0.038 -0.002
0.002 -0.029 -0.037 -0.005
0.001 -0.028 -0.039 -0.002
0.001 -0.026 -0.038 -0.001
0.001 -0.025 -0.041 -0.000
0.000 -0.023 -0.042 0.001
0.000 -0.020 -0.039 0.001
0.000 -0.018 -0.037 0.001
0.002 -0.015 -0.040 -0.003
-0.000 -0.012 -0.039 0.002
0.001 -0.008 -0.040 -0.000
0.001 -0.005 -0.040 0.000
0.001 -0.001 -0.037 0.000
0.001 0.003 -0.035 0.000
-0.000 0.006 -0.039 0.003
-0.000 0.010 -0.035 0.003
0.002 0.013 -0.038 -0.003
-0.001 0.016 -0.037 0.004
-0.000 0.020 -0.039 0.002
0.001 0.023 -0.038 -0.002
-0.000 0.026 -0.035 0.002
0.000 0.028 -0.037 0.001
0.001 0.030 -0.038 -0.002
0.001 0.032 -0.037 -0.002
-0.000 0.034 -0.033 -0.000
-0.002 0.035 -0.035 0.003
-0.001 0.036 -0.034 0.001
0.001 0.036 -0.036 -0.003
0.001 0.036 -0.032 -0.005
0.002 0.035 -0.036 -0.007
0.000 0.034 -0.037 -0.003
-0.000 0.033 -0.034 -0.002
-0.003 0.031 -0.034 0.005
-0.002 0.028 -0.037 0.001
-0.002 0.026 -0.032 0.002
-0.001 0.023 -0.037 -0.000
-0.000 0.020 -0.036 -0.003
-0.002 0.016 -0.038 0.003
-0.000 0.013 -0.033 -0.003
-0.000 0.009 -0.033 -0.003
-0.001 0.005 -0.033 -0.002
-0.002 0.001 -0.034 0.001
-0.003 -0.003 -0.034 0.005
-0.002 -0.007 -0.034 0.002
-0.002 -0.011 -0.033 0.003
-0.003 -0.015 -0.035 0.004
-0.002 -0.019 -0.034 0.004
-0.002 -0.022 -0.035 0.002
-0.001 -0.025 -0.034 0.001
0.000 -0.028 -0.032 -0.002
-0.001 -0.031 -0.035 0.001
-0.001 -0.034 -0.035 0.002
-0.001 -0.035 -0.033 0.002
-0.002 -0.037 -0.029 0.004
0.000 -0.038 -0.033 -0.000
-0.000 -0.038 -0.029 0.001
-0.001 -0.039 -0.033 0.004
0.000 -0.038 -0.031 0.000
0.001 -0.037 -0.029 -0.001
0.001 -0.036 -0.027 -0.000
0.001 -0.034 -0.026 -0.001
0.002 -0.032 -0.030 -0.003
0.001 -0.029 -0.027 -0.002
0.002 -0.026 -0.028 -0.003
0.000 -0.023 -0.031 0.002
-0.000 -0.020 -0.032 0.004
0.001 -0.015 -0.028 0.000
0.002 -0.011 -0.030 -0.001
-0.000 -0.007 -0.031 0.004
0.001 -0.002 -0.030 -0.000
0.001 0.003 -0.029 0.002
0.000 0.007 -0.029 0.002
0.000 0.012 -0.028 0.002
0.002 0.017 -0.030 -0.002
0.001 0.021 -0.027 0.000
0.002 0.026 -0.027 -0.004
0.000 0.029 -0.028 0.001
0.002 0.033 -0.029 -0.003
0.001 0.036 -0.027 -0.001
0.002 0.039 -0.026 -0.003
0.002 0.042 -0.027 -0.005
0.001 0.043 -0.025 -0.002
-0.000 0.045 -0.029 -0.000
0.001 0.046 -0.026 -0.003
0.003 0.046 -0.027 -0.008
0.003 0.046 -0.025 -0.008
-0.001 0.045 -0.030 -0.000
0.001 0.044 -0.027 -0.006
0.002 0.043 -0.025 -0.008
-0.000 0.040 -0.028 -0.002
-0.001 0.037 -0.027 -0.002
-0.002 0.034 -0.025 0.001
0.000 0.030 -0.029 -0.004
-0.001 0.026 -0.029 -0.001
-0.001 0.022 -0.028 -0.003
-0.001 0.017 -0.026 -0.003
-0.002 0.012 -0.027 0.001
-0.001 0.007 -0.026 -0.003
-0.002 0.002 -0.027 -0.000
-0.003 -0.003 -0.027 0.004
-0.002 -0.008 -0.026 0.001
-0.002 -0.014 -0.027 0.002
-0.002 -0.018 -0.026 0.001
-0.003 -0.024 -0.027 0.005
-0.002 -0.028 -0.028 0.003
-0.002 -0.032 -0.027 0.004
-0.002 -0.036 -0.026 0.004
-0.002 -0.040 -0.025 0.004
-0.001 -0.043 -0.026 0.002
-0.002 -0.045 -0.024 0.004
-0.003 -0.047 -0.026 0.009
-0.002 -0.049 -0.023 0.006
-0.002 -0.050 -0.023 0.005
-0.001 -0.050 -0.027 0.004
-0.000 -0.049 -0.025 0.002
-0.001 -0.049 -0.028 0.004
0.001 -0.047 -0.024 0.001
-0.001 -0.045 -0.018 0.005
0.000 -0.042 -0.019 0.003
0.001 -0.038 -0.022 0.001
0.002 -0.034 -0.025 -0.002
0.000 -0.030 -0.022 0.003
0.001 -0.025 -0.022 0.001
0.002 -0.020 -0.022 -0.001
0.001 -0.015 -0.025 0.003
0.001 -0.009 -0.024 0.002
0.000 -0.003 -0.023 0.005
0.001 0.003 -0.024 0.003
0.002 0.009 -0.022 -0.002
0.002 0.015 -0.020 -0.001
0.002 0.021 -0.022 -0.002
0.003 0.027 -0.021 -0.004
0.002 0.032 -0.021 -0.002
0.004 0.038 -0.022 -0.007
0.003 0.042 -0.021 -0.004
0.004 0.047 -0.018 -0.008
0.002 0.050 -0.024 -0.003
0.004 0.054 -0.019 -0.009
0.003 0.056 -0.018 -0.008
0.005 0.058 -0.019 -0.011
0.006 0.059 -0.019 -0.014
0.004 0.060 -0.019 -0.012
0.005 0.060 -0.019 -0.015
0.001 0.059 -0.025 -0.006
0.001 0.057 -0.019 -0.005
0.000 0.055 -0.018 -0.004
0.001 0.052 -0.019 -0.006
-0.002 0.049 -0.018 0.000
-0.002 0.044 -0.025 0.000
0.002 0.040 -0.020 -0.009
0.000 0.035 -0.021 -0.006
-0.001 0.029 -0.019 -0.004
-0.000 0.023 -0.020 -0.004
-0.002 0.017 -0.021 -0.001
-0.003 0.010 -0.023 0.002
-0.001 0.004 -0.021 -0.003
-0.002 -0.003 -0.020 -0.000
-0.003 -0.010 -0.020 0.002
-0.003 -0.016 -0.022 0.004
-0.003 -0.023 -0.020 0.002
-0.004 -0.029 -0.022 0.006
-0.003 -0.035 -0.021 0.004
-0.004 -0.041 -0.024 0.008
-0.003 -0.046 -0.019 0.004
-0.003 -0.050 -0.021 0.006
-0.002 -0.054 -0.020 0.005
-0.002 -0.058 -0.022 0.005
-0.004 -0.060 -0.021 0.010
-0.001 -0.062 -0.019 0.004
-0.002 -0.063 -0.018 0.005
-0.002 -0.064 -0.021 0.006
-0.001 -0.064 -0.020 0.005
-0.002 -0.063 -0.024 0.010
-0.003 -0.061 -0.018 0.013
-0.002 -0.058 -0.021 0.010
0.000 -0.054 -0.023 0.003
0.000 -0.050 -0.021 0.004
0.001 -0.045 -0.016 0.004
0.002 -0.040 -0.018 0.001
0.000 -0.034 -0.018 0.006
0.001 -0.027 -0.018 0.002
0.000 -0.020 -0.018 0.006
0.001 -0.013 -0.019 0.004
0.001 -0.005 -0.018 0.004
0.002 0.003 -0.017 0.002
0.002 0.010 -0.017 0.001
0.002 0.018 -0.018 0.001
0.003 0.026 -0.016 -0.002
0.003 0.033 -0.017 -0.001
0.004 0.040 -0.015 -0.004
0.004 0.047 -0.020 -0.006
0.002 0.053 -0.014 -0.002
0.005 0.059 -0.012 -0.008
0.006 0.064 -0.011 -0.011
0.006 0.067 -0.018 -0.011
0.008 0.071 -0.014 -0.017
0.006 0.074 -0.017 -0.013
0.011 0.075 -0.010 -0.026
0.008 0.076 -0.013 -0.019
0.004 0.076 -0.012 -0.010
0.002 0.075 -0.016 -0.008
0.000 0.073 -0.019 -0.003
-0.001 0.071 -0.024 -0.001
0.000 0.068 -0.012 -0.004
0.002 0.063 -0.011 -0.010
0.000 0.058 -0.017 -0.005
-0.003 0.052 -0.013 0.003
-0.001 0.046 -0.011 -0.003
-0.000 0.039 -0.015 -0.005
-0.000 0.031 -0.016 -0.006
-0.001 0.023 -0.015 -0.005
-0.002 0.015 -0.018 -0.002
-0.002 0.007 -0.018 -0.000
-0.003 -0.002 -0.018 0.000
-0.003 -0.010 -0.016 0.000
-0.003 -0.019 -0.016 0.002
-0.004 -0.027 -0.018 0.005
-0.004 -0.035 -0.017 0.006
-0.005 -0.043 -0.019 0.010
-0.003 -0.050 -0.018 0.004
-0.006 -0.057 -0.016 0.011
-0.005 -0.063 -0.018 0.011
-0.003 -0.068 -0.018 0.004
-0.004 -0.073 -0.018 0.008
-0.003 -0.076 -0.018 0.008
-0.003 -0.079 -0.017 0.008
-0.003 -0.081 -0.020 0.009
-0.004 -0.081 -0.017 0.012
-0.001 -0.081 -0.015 0.006
-0.002 -0.080 -0.017 0.008
-0.005 -0.078 -0.022 0.017
-0.001 -0.074 -0.016 0.006
0.002 -0.070 -0.013 -0.000
0.004 -0.064 -0.012 -0.006
-0.002 -0.058 -0.013 0.013
-0.001 -0.051 -0.016 0.009
-0.000 -0.044 -0.015 0.008
0.000 -0.035 -0.014 0.006
0.001 -0.026 -0.013 0.004
0.001 -0.017 -0.014 0.005
0.002 -0.007 -0.014 0.004
0.002 0.003 -0.013 0.003
0.003 0.014 -0.014 0.001
0.004 0.024 -0.012 -0.002
0.004 0.034 -0.010 -0.003
0.005 0.043 -0.013 -0.005
0.006 0.053 -0.013 -0.007
0.007 0.061 -0.012 -0.011
0.005 0.069 -0.013 -0.007
0.007 0.076 -0.014 -0.011
0.006 0.083 -0.013 -0.011
0.005 0.088 -0.016 -0.009
0.006 0.093 -0.014 -0.012
0.007 0.096 -0.014 -0.015
0.003 0.099 -0.016 -0.005
0.005 0.100 -0.012 -0.011
0.007 0.100 -0.015 -0.016
0.007 0.099 -0.009 -0.019
0.001 0.097 -0.013 -0.005
0.005 0.094 -0.010 -0.014
0.003 0.089 -0.018 -0.011
0.003 0.084 -0.012 -0.012
0.001 0.077 -0.013 -0.006
0.002 0.069 -0.013 -0.010
0.001 0.061 -0.011 -0.009
-0.000 0.051 -0.013 -0.007
0.001 0.042 -0.013 -0.008
-0.002 0.031 -0.011 -0.003
-0.002 0.021 -0.011 -0.002
-0.004 0.009 -0.014 0.001
-0.003 -0.002 -0.014 -0.000
-0.004 -0.013 -0.013 0.001
-0.004 -0.024 -0.012 0.004
-0.005 -0.035 -0.014 0.004
-0.008 -0.046 -0.014 0.013
-0.006 -0.056 -0.016 0.009
-0.007 -0.066 -0.015 0.012
-0.005 -0.075 -0.016 0.008
-0.005 -0.083 -0.015 0.008
-0.005 -0.090 -0.015 0.010
-0.006 -0.096 -0.016 0.012
-0.005 -0.101 -0.016 0.012
-0.007 -0.105 -0.017 0.017
-0.003 -0.107 -0.017 0.006
-0.007 -0.108 -0.014 0.019
-0.004 -0.108 -0.016 0.014
-0.004 -0.106 -0.018 0.013
-0.003 -0.103 -0.017 0.012
-0.001 -0.099 -0.016 0.007
-0.003 -0.093 -0.014 0.014
-0.000 -0.085 -0.009 0.006
-0.000 -0.077 -0.010 0.007
-0.001 -0.068 -0.014 0.011
-0.000 -0.058 -0.012 0.009
-0.002 -0.046 -0.012 0.013
0.001 -0.034 -0.011 0.005
0.002 -0.021 -0.010 0.005
