-0.012 0.002 0.002 -0.320
-0.024 0.004 0.004 -0.639
-0.024 0.004 0.000 -0.640
-0.025 0.004 0.001 -0.638
-0.025 0.004 0.002 -0.637
-0.028 0.004 0.001 -0.633
-0.032 0.003 -0.000 -0.624
-0.031 0.003 0.001 -0.627
-0.028 0.003 -0.002 -0.631
-0.029 0.003 0.002 -0.630
-0.029 0.003 0.001 -0.630
-0.028 0.003 0.001 -0.633
-0.022 0.004 0.008 -0.645
-0.021 0.003 0.007 -0.648
-0.025 0.004 0.008 -0.643
-0.030 0.003 -0.000 -0.633
-0.028 0.004 -0.002 -0.637
-0.021 0.004 0.003 -0.647
-0.024 0.003 0.003 -0.637
-0.022 0.002 0.006 -0.633
-0.019 0.002 0.001 -0.629
-0.018 0.002 -0.004 -0.621
-0.018 0.002 0.002 -0.609
-0.012 0.002 0.003 -0.606
-0.005 0.001 -0.001 -0.603
-0.004 0.001 0.015 -0.588
-0.008 0.001 0.006 -0.562
-0.005 0.001 -0.003 -0.549
-0.005 0.000 0.003 -0.528
-0.002 0.000 0.007 -0.512
-0.002 -0.000 -0.003 -0.492
0.001 -0.000 -0.003 -0.473
0.003 -0.000 0.003 -0.455
0.006 0.000 0.002 -0.438
0.005 0.000 -0.003 -0.414
0.008 0.001 -0.002 -0.397
0.009 0.000 -0.002 -0.377
0.009 0.001 0.001 -0.356
0.010 0.002 0.003 -0.336
0.009 0.003 0.001 -0.315
0.009 0.002 -0.000 -0.297
0.009 0.002 -0.001 -0.279
0.009 0.003 0.001 -0.262
0.009 0.003 -0.007 -0.247
0.009 0.004 -0.004 -0.233
