0.095 0.530 -0.107 -0.320
0.183 1.065 -0.194 -0.634
0.209 1.067 -0.156 -0.665
0.192 1.061 -0.116 -0.644
0.211 1.060 -0.210 -0.665
0.242 1.059 -0.170 -0.700
0.212 1.058 -0.198 -0.665
0.195 1.060 -0.166 -0.642
0.220 1.058 -0.186 -0.669
0.229 1.052 -0.187 -0.678
0.205 1.057 -0.206 -0.646
0.159 1.055 -0.149 -0.588
0.174 1.050 -0.072 -0.603
0.226 1.047 -0.137 -0.660
0.228 1.045 -0.147 -0.658
0.230 1.038 -0.170 -0.655
0.215 1.034 -0.165 -0.632
0.217 1.026 -0.088 -0.627
0.255 1.011 -0.131 -0.667
0.244 1.006 -0.143 -0.647
0.218 1.003 -0.171 -0.607
0.156 1.000 -0.240 -0.521
0.218 0.987 -0.159 -0.589
0.174 0.981 -0.203 -0.526
0.181 0.971 -0.173 -0.524
0.193 0.965 -0.158 -0.527
0.192 0.954 -0.152 -0.515
0.174 0.943 -0.184 -0.480
0.184 0.932 -0.168 -0.481
0.171 0.925 -0.173 -0.451
0.162 0.916 -0.181 -0.427
0.169 0.907 -0.174 -0.421
0.167 0.898 -0.178 -0.405
0.170 0.888 -0.174 -0.395
0.168 0.882 -0.169 -0.378
0.162 0.872 -0.183 -0.356
0.172 0.864 -0.169 -0.355
0.193 0.855 -0.149 -0.369
0.180 0.849 -0.157 -0.337
0.182 0.845 -0.150 -0.325
0.151 0.840 -0.198 -0.269
0.213 0.832 -0.126 -0.340
0.173 0.828 -0.171 -0.272
0.180 0.828 -0.162 -0.268
0.204 0.821 -0.134 -0.289
0.205 0.822 -0.121 -0.278
0.206 0.821 -0.107 -0.269
0.212 0.812 -0.150 -0.266
0.153 0.820 -0.182 -0.177
0.202 0.815 -0.136 -0.234
0.181 0.815 -0.189 -0.197
0.202 0.816 -0.130 -0.219
0.183 0.821 -0.135 -0.187
0.208 0.815 -0.145 -0.216
0.185 0.819 -0.155 -0.180
0.193 0.818 -0.167 -0.187
0.199 0.823 -0.139 -0.192
0.188 0.825 -0.137 -0.175
0.189 0.824 -0.146 -0.175
0.187 0.824 -0.162 -0.172
0.173 0.829 -0.158 -0.154
0.201 0.826 -0.141 -0.193
0.191 0.824 -0.160 -0.181
0.183 0.830 -0.152 -0.171
0.186 0.830 -0.138 -0.178
0.191 0.826 -0.150 -0.189
0.187 0.831 -0.138 -0.187
0.167 0.826 -0.187 -0.163
0.163 0.828 -0.158 -0.163
0.186 0.826 -0.116 -0.198
0.152 0.824 -0.174 -0.156
0.192 0.821 -0.100 -0.215
0.149 0.816 -0.183 -0.161
0.173 0.818 -0.122 -0.198
0.200 0.808 -0.085 -0.240
0.198 0.799 -0.102 -0.242
0.198 0.795 -0.112 -0.245
0.170 0.796 -0.120 -0.211
0.175 0.789 -0.141 -0.220
0.151 0.790 -0.096 -0.189
0.164 0.780 -0.107 -0.210
0.119 0.780 -0.120 -0.149
0.126 0.774 -0.120 -0.159
0.140 0.762 -0.113 -0.180
0.138 0.756 -0.120 -0.177
0.139 0.747 -0.116 -0.178
0.138 0.742 -0.107 -0.176
0.132 0.736 -0.095 -0.165
0.139 0.727 -0.102 -0.173
0.115 0.723 -0.117 -0.134
0.156 0.709 -0.092 -0.191
0.145 0.704 -0.101 -0.171
0.142 0.700 -0.090 -0.161
0.134 0.695 -0.103 -0.144
0.123 0.686 -0.126 -0.123
0.128 0.682 -0.106 -0.125
0.143 0.674 -0.104 -0.141
0.139 0.673 -0.090 -0.128
0.119 0.666 -0.138 -0.091
0.151 0.657 -0.110 -0.132
0.120 0.663 -0.111 -0.079
0.127 0.657 -0.123 -0.082
0.161 0.647 -0.104 -0.127
0.164 0.643 -0.094 -0.125
0.169 0.641 -0.086 -0.127
0.177 0.640 -0.078 -0.131
0.173 0.642 -0.066 -0.120
0.140 0.642 -0.118 -0.064
0.121 0.642 -0.148 -0.028
0.153 0.642 -0.106 -0.073
0.142 0.642 -0.113 -0.051
0.147 0.641 -0.112 -0.054
0.155 0.642 -0.107 -0.064
0.164 0.639 -0.110 -0.074
0.158 0.640 -0.107 -0.063
0.135 0.643 -0.133 -0.025
0.153 0.647 -0.076 -0.051
0.161 0.644 -0.076 -0.063
0.156 0.644 -0.091 -0.055
0.154 0.648 -0.067 -0.052
0.153 0.644 -0.114 -0.052
0.144 0.645 -0.110 -0.040
0.143 0.649 -0.091 -0.040
0.151 0.646 -0.100 -0.054
0.142 0.645 -0.100 -0.044
0.165 0.642 -0.074 -0.081
0.117 0.646 -0.122 -0.012
0.136 0.646 -0.095 -0.043
0.129 0.642 -0.105 -0.037
0.122 0.644 -0.091 -0.030
0.141 0.636 -0.100 -0.063
0.127 0.636 -0.096 -0.046
0.101 0.636 -0.121 -0.011
0.110 0.629 -0.122 -0.028
0.108 0.624 -0.127 -0.030
0.111 0.621 -0.122 -0.038
0.138 0.618 -0.077 -0.085
0.127 0.613 -0.085 -0.071
0.149 0.607 -0.065 -0.110
0.124 0.603 -0.081 -0.074
0.084 0.605 -0.113 -0.013
0.124 0.592 -0.103 -0.079
0.103 0.592 -0.105 -0.048
0.132 0.585 -0.057 -0.097
0.095 0.579 -0.129 -0.040
0.130 0.573 -0.059 -0.096
0.100 0.574 -0.088 -0.048
0.115 0.564 -0.103 -0.073
0.113 0.561 -0.070 -0.070
0.091 0.557 -0.107 -0.033
0.118 0.548 -0.078 -0.076
0.102 0.548 -0.104 -0.049
0.109 0.541 -0.078 -0.059
0.092 0.538 -0.103 -0.029
0.116 0.533 -0.069 -0.067
0.088 0.531 -0.114 -0.017
0.118 0.524 -0.075 -0.065
0.132 0.519 -0.062 -0.085
0.096 0.522 -0.101 -0.022
0.107 0.517 -0.089 -0.037
0.123 0.515 -0.058 -0.060
0.132 0.511 -0.057 -0.071
0.123 0.509 -0.067 -0.054
0.127 0.506 -0.058 -0.057
0.133 0.504 -0.059 -0.064
0.137 0.502 -0.067 -0.068
0.118 0.506 -0.072 -0.033
0.099 0.506 -0.103 0.003
0.107 0.503 -0.096 -0.009
0.133 0.502 -0.060 -0.049
0.113 0.505 -0.081 -0.014
0.112 0.503 -0.078 -0.011
0.114 0.507 -0.081 -0.011
0.103 0.504 -0.094 0.008
0.118 0.507 -0.054 -0.017
0.095 0.504 -0.094 0.022
0.115 0.503 -0.080 -0.011
0.106 0.504 -0.078 0.003
0.124 0.503 -0.060 -0.027
0.102 0.505 -0.086 0.010
0.114 0.506 -0.081 -0.012
0.099 0.504 -0.087 0.012
0.108 0.507 -0.063 -0.004
0.090 0.504 -0.092 0.023
0.115 0.503 -0.055 -0.021
0.084 0.504 -0.102 0.029
0.103 0.499 -0.075 -0.006
0.119 0.496 -0.074 -0.036
0.093 0.501 -0.061 0.005
0.094 0.495 -0.079 0.001
0.106 0.494 -0.058 -0.023
0.102 0.493 -0.051 -0.020
0.099 0.488 -0.061 -0.018
0.101 0.485 -0.054 -0.025
0.096 0.482 -0.062 -0.019
0.103 0.479 -0.043 -0.035
0.086 0.478 -0.061 -0.009
0.061 0.477 -0.078 0.032
0.089 0.472 -0.058 -0.019
0.114 0.463 -0.038 -0.065
0.074 0.467 -0.063 0.002
0.069 0.461 -0.080 0.010
0.080 0.456 -0.069 -0.012
0.072 0.454 -0.078 0.002
0.084 0.447 -0.081 -0.022
0.095 0.445 -0.065 -0.042
0.059 0.443 -0.085 0.022
0.071 0.438 -0.067 -0.001
0.057 0.437 -0.073 0.025
0.088 0.429 -0.060 -0.032
0.073 0.429 -0.071 -0.003
0.068 0.426 -0.062 0.006
0.091 0.419 -0.057 -0.035
0.071 0.415 -0.092 0.003
0.082 0.414 -0.067 -0.016
0.089 0.412 -0.055 -0.028
0.068 0.412 -0.067 0.011
0.058 0.412 -0.071 0.030
0.063 0.408 -0.070 0.023
0.077 0.406 -0.054 -0.001
0.076 0.404 -0.055 0.003
0.078 0.402 -0.060 -0.000
0.079 0.401 -0.057 0.000
0.081 0.398 -0.064 -0.002
0.088 0.396 -0.061 -0.014
0.080 0.397 -0.078 0.003
0.086 0.396 -0.063 -0.007
0.086 0.396 -0.052 -0.007
0.085 0.394 -0.053 -0.005
0.084 0.395 -0.054 -0.001
0.076 0.396 -0.066 0.013
0.084 0.394 -0.066 -0.001
0.082 0.395 -0.067 0.004
0.088 0.395 -0.050 -0.007
0.085 0.394 -0.058 -0.003
0.077 0.396 -0.060 0.012
0.092 0.393 -0.039 -0.017
0.084 0.395 -0.052 -0.003
0.086 0.393 -0.057 -0.009
0.085 0.392 -0.063 -0.007
0.073 0.395 -0.059 0.013
0.090 0.391 -0.058 -0.020
0.086 0.392 -0.053 -0.014
0.072 0.394 -0.054 0.010
0.085 0.390 -0.046 -0.016
0.086 0.387 -0.042 -0.021
0.085 0.388 -0.038 -0.021
0.069 0.388 -0.068 0.006
0.056 0.386 -0.088 0.028
0.065 0.384 -0.070 0.010
0.070 0.382 -0.055 -0.002
0.083 0.379 -0.040 -0.029
0.065 0.379 -0.058 0.003
0.054 0.379 -0.057 0.021
0.053 0.378 -0.048 0.021
0.060 0.372 -0.067 0.007
0.079 0.367 -0.031 -0.032
0.071 0.366 -0.027 -0.019
0.077 0.362 -0.029 -0.032
0.060 0.363 -0.033 -0.000
0.059 0.356 -0.064 -0.000
0.072 0.352 -0.060 -0.027
0.073 0.350 -0.047 -0.029
0.057 0.350 -0.051 0.001
0.051 0.347 -0.048 0.011
0.055 0.344 -0.040 0.004
0.044 0.341 -0.058 0.024
0.057 0.334 -0.063 -0.001
0.072 0.332 -0.048 -0.030
0.062 0.333 -0.052 -0.009
0.059 0.329 -0.051 -0.003
0.064 0.328 -0.039 -0.013
0.067 0.327 -0.034 -0.018
0.052 0.325 -0.053 0.012
0.064 0.319 -0.056 -0.010
0.065 0.318 -0.049 -0.011
0.060 0.315 -0.058 0.001
0.066 0.313 -0.064 -0.011
0.063 0.314 -0.048 -0.004
0.065 0.313 -0.040 -0.006
0.063 0.312 -0.049 -0.002
0.058 0.312 -0.050 0.011
0.062 0.311 -0.045 0.003
0.066 0.311 -0.040 -0.004
0.062 0.309 -0.043 0.005
0.072 0.307 -0.040 -0.015
0.066 0.307 -0.055 -0.000
0.052 0.309 -0.065 0.027
0.070 0.307 -0.045 -0.007
0.079 0.304 -0.056 -0.025
0.070 0.307 -0.044 -0.007
0.054 0.310 -0.053 0.025
0.076 0.304 -0.053 -0.020
0.077 0.305 -0.050 -0.021
0.058 0.309 -0.049 0.014
0.063 0.307 -0.044 0.004
0.070 0.307 -0.034 -0.009
0.054 0.309 -0.047 0.020
0.066 0.305 -0.048 -0.004
0.073 0.305 -0.041 -0.019
0.058 0.308 -0.037 0.009
0.051 0.306 -0.049 0.021
0.073 0.301 -0.050 -0.025
0.072 0.303 -0.036 -0.024
0.058 0.305 -0.041 0.003
0.049 0.305 -0.059 0.019
0.050 0.302 -0.048 0.015
0.063 0.299 -0.036 -0.012
0.066 0.297 -0.040 -0.022
0.064 0.296 -0.028 -0.020
0.053 0.296 -0.040 0.001
0.058 0.295 -0.035 -0.011
0.056 0.293 -0.032 -0.008
0.047 0.292 -0.039 0.008
0.038 0.290 -0.060 0.025
0.033 0.287 -0.067 0.034
0.048 0.286 -0.044 0.001
0.049 0.283 -0.028 -0.001
0.051 0.281 -0.022 -0.008
0.046 0.280 -0.026 0.002
0.039 0.279 -0.028 0.015
0.053 0.273 -0.030 -0.013
0.054 0.270 -0.034 -0.017
0.051 0.268 -0.043 -0.012
0.049 0.265 -0.048 -0.008
0.064 0.262 -0.028 -0.038
0.052 0.262 -0.026 -0.013
0.033 0.262 -0.034 0.025
0.039 0.260 -0.033 0.014
0.049 0.256 -0.031 -0.006
0.054 0.253 -0.033 -0.017
0.050 0.251 -0.042 -0.008
0.045 0.251 -0.043 0.003
0.058 0.248 -0.032 -0.022
0.059 0.245 -0.034 -0.024
0.059 0.244 -0.032 -0.024
0.061 0.243 -0.032 -0.027
0.059 0.242 -0.034 -0.022
0.060 0.241 -0.035 -0.024
0.061 0.240 -0.037 -0.024
0.061 0.240 -0.029 -0.023
0.056 0.241 -0.031 -0.012
0.059 0.240 -0.028 -0.017
0.059 0.241 -0.022 -0.016
0.055 0.243 -0.022 -0.007
0.045 0.242 -0.036 0.015
0.041 0.241 -0.046 0.023
0.053 0.240 -0.034 -0.001
0.057 0.240 -0.023 -0.008
0.049 0.242 -0.024 0.008
0.047 0.241 -0.042 0.012
0.054 0.239 -0.035 -0.002
0.055 0.241 -0.020 -0.005
0.051 0.242 -0.027 0.003
0.044 0.241 -0.033 0.017
0.055 0.240 -0.028 -0.006
0.053 0.242 -0.024 -0.002
0.049 0.242 -0.023 0.005
0.044 0.239 -0.048 0.015
0.052 0.239 -0.032 -0.004
0.051 0.240 -0.021 -0.003
0.052 0.240 -0.024 -0.007
0.046 0.238 -0.034 0.005
0.044 0.238 -0.030 0.009
0.038 0.237 -0.042 0.019
0.042 0.236 -0.032 0.008
0.038 0.237 -0.021 0.015
0.036 0.236 -0.021 0.019
0.036 0.235 -0.021 0.016
0.036 0.233 -0.026 0.016
0.042 0.230 -0.030 0.001
0.041 0.227 -0.036 0.001
0.034 0.226 -0.053 0.015
0.035 0.225 -0.040 0.010
0.047 0.222 -0.021 -0.017
0.048 0.220 -0.017 -0.021
0.048 0.219 -0.011 -0.020
0.039 0.218 -0.011 -0.004
0.026 0.217 -0.031 0.024
0.030 0.215 -0.026 0.015
0.039 0.212 -0.027 -0.006
0.040 0.210 -0.027 -0.008
0.033 0.208 -0.028 0.006
0.039 0.206 -0.019 -0.007
0.043 0.203 -0.020 -0.016
0.040 0.201 -0.025 -0.009
0.035 0.201 -0.027 0.002
0.028 0.200 -0.034 0.017
0.036 0.198 -0.028 0.001
0.036 0.197 -0.022 0.001
0.035 0.197 -0.022 0.004
0.034 0.194 -0.034 0.006
0.040 0.193 -0.025 -0.006
0.035 0.191 -0.027 0.005
0.043 0.190 -0.022 -0.012
0.048 0.188 -0.025 -0.022
0.049 0.187 -0.022 -0.024
0.046 0.188 -0.022 -0.015
0.043 0.187 -0.025 -0.009
0.043 0.187 -0.024 -0.009
0.045 0.187 -0.031 -0.010
0.043 0.188 -0.021 -0.007
0.035 0.189 -0.023 0.012
0.040 0.187 -0.028 0.002
0.045 0.186 -0.028 -0.008
0.044 0.187 -0.024 -0.006
0.044 0.188 -0.022 -0.006
0.035 0.189 -0.025 0.015
0.032 0.189 -0.038 0.022
0.041 0.188 -0.022 0.000
0.046 0.188 -0.022 -0.009
0.038 0.190 -0.021 0.008
0.034 0.190 -0.027 0.016
0.029 0.191 -0.033 0.032
0.041 0.189 -0.026 0.006
0.047 0.189 -0.023 -0.005
0.034 0.191 -0.022 0.025
0.039 0.189 -0.026 0.015
0.051 0.187 -0.022 -0.011
0.046 0.189 -0.019 0.001
0.032 0.190 -0.024 0.032
0.030 0.188 -0.036 0.036
0.041 0.186 -0.025 0.010
0.041 0.186 -0.020 0.010
0.040 0.186 -0.016 0.010
0.034 0.185 -0.018 0.023
0.036 0.184 -0.024 0.016
0.035 0.183 -0.020 0.017
0.035 0.182 -0.015 0.013
0.030 0.181 -0.019 0.022
0.029 0.180 -0.018 0.022
0.024 0.179 -0.031 0.031
0.018 0.176 -0.035 0.040
0.025 0.175 -0.021 0.022
0.027 0.173 -0.018 0.016
0.029 0.171 -0.016 0.008
0.024 0.170 -0.019 0.017
0.022 0.168 -0.025 0.019
0.028 0.165 -0.017 0.003
0.034 0.162 -0.019 -0.013
0.030 0.161 -0.022 -0.008
0.030 0.159 -0.028 -0.010
0.034 0.157 -0.029 -0.019
0.031 0.157 -0.017 -0.016
0.021 0.156 -0.024 0.007
0.018 0.154 -0.032 0.011
0.024 0.152 -0.023 -0.002
0.027 0.151 -0.021 -0.010
0.031 0.150 -0.028 -0.020
0.028 0.149 -0.031 -0.014
0.020 0.148 -0.028 0.004
0.029 0.147 -0.021 -0.015
0.030 0.145 -0.021 -0.018
0.033 0.145 -0.019 -0.025
0.037 0.144 -0.019 -0.033
0.039 0.143 -0.025 -0.036
0.037 0.144 -0.019 -0.032
0.036 0.144 -0.019 -0.028
0.037 0.144 -0.017 -0.030
0.035 0.144 -0.021 -0.023
0.025 0.147 -0.022 0.002
0.026 0.146 -0.023 0.000
0.033 0.146 -0.023 -0.013
0.038 0.145 -0.021 -0.024
0.040 0.145 -0.020 -0.026
0.035 0.147 -0.028 -0.014
0.031 0.147 -0.023 -0.005
0.030 0.147 -0.020 -0.000
0.036 0.147 -0.021 -0.013
0.034 0.148 -0.024 -0.008
0.035 0.149 -0.019 -0.009
0.037 0.149 -0.019 -0.012
0.037 0.149 -0.017 -0.012
0.037 0.149 -0.013 -0.013
0.033 0.149 -0.016 -0.004
0.032 0.150 -0.012 -0.002
0.034 0.150 -0.022 -0.006
0.038 0.149 -0.018 -0.016
0.034 0.149 -0.018 -0.007
0.029 0.149 -0.017 0.003
0.028 0.149 -0.021 0.007
0.023 0.149 -0.019 0.016
0.031 0.146 -0.024 -0.003
0.037 0.145 -0.025 -0.019
0.034 0.145 -0.018 -0.013
0.029 0.144 -0.019 -0.002
0.027 0.143 -0.022 -0.000
0.030 0.142 -0.017 -0.008
0.034 0.140 -0.012 -0.020
0.033 0.139 -0.012 -0.019
0.026 0.138 -0.018 -0.003
0.021 0.136 -0.029 0.007
0.021 0.135 -0.025 0.007
0.027 0.132 -0.022 -0.011
0.028 0.130 -0.020 -0.013
0.028 0.129 -0.019 -0.015
0.017 0.130 -0.023 0.010
0.013 0.128 -0.018 0.018
0.016 0.126 -0.014 0.011
0.014 0.125 -0.020 0.017
0.017 0.123 -0.022 0.008
0.022 0.121 -0.017 -0.004
0.024 0.119 -0.016 -0.009
0.022 0.118 -0.019 -0.003
0.012 0.118 -0.025 0.021
0.011 0.116 -0.021 0.022
0.014 0.115 -0.020 0.016
0.017 0.114 -0.019 0.010
0.015 0.114 -0.023 0.014
0.013 0.113 -0.022 0.020
0.018 0.112 -0.016 0.009
0.015 0.112 -0.025 0.019
0.017 0.112 -0.018 0.013
0.016 0.112 -0.021 0.017
0.015 0.111 -0.024 0.020
0.019 0.111 -0.025 0.012
0.019 0.112 -0.019 0.014
0.015 0.113 -0.014 0.023
0.025 0.111 -0.012 0.001
0.032 0.110 -0.018 -0.014
0.023 0.112 -0.021 0.007
0.023 0.113 -0.027 0.008
0.027 0.114 -0.017 0.000
0.025 0.115 -0.014 0.005
0.027 0.114 -0.021 0.000
0.025 0.115 -0.022 0.006
0.027 0.116 -0.014 0.001
0.023 0.117 -0.014 0.009
0.023 0.118 -0.019 0.011
0.029 0.117 -0.018 -0.004
0.030 0.118 -0.012 -0.007
0.023 0.120 -0.012 0.008
0.023 0.120 -0.016 0.008
0.029 0.118 -0.019 -0.008
0.030 0.119 -0.016 -0.011
0.024 0.120 -0.016 0.001
0.021 0.120 -0.023 0.007
0.017 0.118 -0.029 0.014
0.024 0.117 -0.025 -0.003
0.025 0.117 -0.024 -0.008
0.023 0.117 -0.020 -0.005
0.024 0.117 -0.013 -0.010
0.024 0.116 -0.010 -0.012
0.019 0.116 -0.013 -0.002
0.017 0.115 -0.013 0.003
0.018 0.114 -0.011 -0.002
0.013 0.112 -0.018 0.007
0.011 0.111 -0.026 0.012
0.009 0.109 -0.019 0.014
0.014 0.108 -0.019 0.002
0.017 0.106 -0.010 -0.008
0.014 0.104 -0.012 -0.002
0.018 0.103 -0.013 -0.011
0.020 0.101 -0.013 -0.017
0.019 0.098 -0.020 -0.016
0.015 0.097 -0.019 -0.008
0.012 0.097 -0.019 -0.001
0.015 0.096 -0.005 -0.007
0.013 0.094 -0.010 -0.003
0.012 0.092 -0.016 -0.001
0.015 0.091 -0.018 -0.007
0.016 0.089 -0.015 -0.010
0.014 0.089 -0.014 -0.004
0.014 0.088 -0.016 -0.003
0.011 0.088 -0.016 0.005
0.008 0.087 -0.011 0.013
0.012 0.086 -0.009 0.005
0.016 0.086 -0.010 -0.004
0.013 0.085 -0.014 0.007
0.017 0.084 -0.012 -0.003
0.018 0.083 -0.017 -0.004
0.018 0.084 -0.012 -0.002
0.020 0.084 -0.012 -0.006
0.017 0.085 -0.011 0.003
0.018 0.085 -0.010 0.003
0.018 0.086 -0.013 0.005
0.021 0.087 -0.013 -0.001
0.016 0.088 -0.016 0.014
0.022 0.087 -0.012 -0.001
0.024 0.088 -0.012 -0.004
0.024 0.089 -0.017 -0.004
0.020 0.091 -0.013 0.006
0.016 0.092 -0.011 0.018
0.022 0.090 -0.018 0.005
0.024 0.092 -0.014 0.000
0.021 0.094 -0.009 0.008
0.022 0.095 -0.008 0.003
0.025 0.094 -0.018 -0.003
0.024 0.094 -0.015 -0.001
0.020 0.096 -0.009 0.008
0.020 0.096 -0.018 0.006
0.018 0.097 -0.015 0.011
0.022 0.096 -0.012 -0.001
0.022 0.097 -0.010 -0.001
0.022 0.097 -0.009 -0.004
0.020 0.097 -0.013 -0.000
0.013 0.096 -0.017 0.015
0.015 0.096 -0.015 0.009
0.017 0.095 -0.020 0.001
0.021 0.094 -0.012 -0.009
0.016 0.094 -0.012 -0.000
0.013 0.093 -0.017 0.007
0.013 0.092 -0.011 0.002
0.018 0.090 -0.012 -0.010
0.013 0.089 -0.015 -0.002
0.015 0.088 -0.009 -0.008
0.020 0.086 -0.008 -0.022
0.014 0.084 -0.012 -0.009
0.013 0.083 -0.009 -0.008
0.015 0.081 -0.009 -0.015
0.014 0.080 -0.011 -0.012
0.009 0.079 -0.013 -0.003
0.013 0.077 -0.007 -0.013
0.014 0.075 -0.006 -0.017
0.012 0.073 -0.013 -0.013
0.011 0.072 -0.012 -0.009
0.012 0.070 -0.009 -0.013
0.007 0.070 -0.012 0.002
0.003 0.069 -0.011 0.010
0.009 0.067 -0.006 -0.003
0.012 0.066 -0.010 -0.011
0.010 0.065 -0.013 -0.004
0.012 0.064 -0.011 -0.008
0.010 0.064 -0.005 -0.002
0.010 0.063 -0.007 0.001
0.007 0.063 -0.008 0.009
0.007 0.063 -0.010 0.010
0.008 0.063 -0.012 0.009
0.010 0.063 -0.009 0.005
0.010 0.063 -0.016 0.008
0.014 0.063 -0.007 0.001
0.011 0.064 -0.010 0.009
0.012 0.064 -0.006 0.008
0.015 0.066 -0.006 0.004
0.014 0.067 -0.010 0.008
0.015 0.067 -0.011 0.008
0.018 0.067 -0.008 -0.000
0.022 0.068 -0.007 -0.008
0.017 0.071 -0.013 0.005
0.013 0.072 -0.004 0.016
0.019 0.071 -0.006 0.002
0.021 0.072 -0.009 -0.003
0.019 0.074 -0.007 0.005
0.018 0.075 -0.009 0.008
0.016 0.076 -0.013 0.012
0.022 0.077 -0.010 -0.003
0.021 0.078 -0.008 -0.003
0.013 0.079 -0.013 0.018
0.015 0.079 -0.009 0.011
0.022 0.079 -0.010 -0.006
0.019 0.080 -0.010 -0.000
0.013 0.081 -0.013 0.014
0.011 0.081 -0.005 0.018
0.015 0.080 -0.008 0.006
0.019 0.078 -0.009 -0.006
0.023 0.078 -0.009 -0.018
0.020 0.078 -0.007 -0.014
0.018 0.077 -0.011 -0.011
0.014 0.076 -0.012 -0.002
0.010 0.076 -0.008 0.005
0.011 0.075 -0.010 0.001
0.007 0.074 -0.010 0.007
0.004 0.072 -0.013 0.013
0.009 0.071 -0.010 -0.001
0.011 0.068 -0.007 -0.007
0.010 0.066 -0.006 -0.006
0.008 0.065 -0.010 -0.003
0.013 0.063 -0.008 -0.018
0.008 0.062 -0.005 -0.008
0.003 0.060 -0.008 0.005
0.006 0.058 -0.008 -0.003
0.008 0.056 -0.010 -0.010
0.008 0.055 -0.010 -0.012
0.012 0.053 -0.002 -0.020
0.004 0.053 -0.004 -0.001
0.007 0.051 -0.009 -0.008
0.005 0.049 -0.013 -0.004
0.004 0.048 -0.009 -0.000
0.006 0.047 -0.007 -0.004
0.007 0.047 -0.006 -0.005
0.005 0.046 -0.009 0.001
0.007 0.045 -0.010 -0.002
0.008 0.045 -0.011 -0.003
0.009 0.044 -0.007 -0.005
0.013 0.044 -0.008 -0.014
0.011 0.044 -0.012 -0.007
0.011 0.045 -0.008 -0.004
0.012 0.045 -0.009 -0.005
0.012 0.046 -0.009 -0.004
0.013 0.046 -0.010 -0.004
0.011 0.047 -0.009 0.004
0.015 0.048 -0.010 -0.004
0.016 0.049 -0.009 -0.005
0.011 0.051 -0.007 0.008
0.008 0.054 -0.000 0.019
0.013 0.054 -0.004 0.008
0.017 0.055 -0.006 -0.002
0.018 0.056 -0.004 -0.003
0.013 0.058 -0.006 0.011
0.013 0.059 -0.012 0.014
0.017 0.060 -0.012 0.003
0.014 0.062 -0.007 0.011
0.014 0.063 -0.001 0.011
0.018 0.064 -0.009 0.001
0.018 0.066 -0.007 0.001
0.015 0.067 -0.006 0.008
0.012 0.066 -0.010 0.014
0.019 0.067 -0.006 -0.004
0.018 0.068 -0.007 -0.002
0.010 0.068 -0.010 0.016
0.012 0.067 -0.012 0.008
0.015 0.067 -0.009 0.000
0.013 0.067 -0.008 0.002
0.016 0.067 -0.005 -0.006
0.012 0.066 -0.004 0.001
0.008 0.066 -0.004 0.009
0.006 0.065 -0.006 0.011
0.006 0.063 -0.008 0.008
0.007 0.062 0.000 0.005
0.005 0.060 -0.010 0.007
0.009 0.058 -0.009 -0.005
0.011 0.056 -0.005 -0.013
0.008 0.054 -0.004 -0.007
0.009 0.052 -0.006 -0.011
0.009 0.051 -0.000 -0.015
0.002 0.049 -0.008 0.001
0.000 0.047 -0.007 0.005
0.003 0.045 -0.012 -0.002
-0.001 0.042 -0.004 0.007
0.001 0.041 -0.006 -0.001
-0.001 0.039 -0.006 0.004
0.003 0.038 -0.004 -0.005
0.003 0.036 -0.003 -0.007
0.003 0.035 -0.004 -0.005
-0.000 0.034 -0.005 0.002
-0.005 0.032 -0.002 0.015
0.001 0.031 -0.004 0.001
0.002 0.031 -0.003 -0.001
0.000 0.030 -0.005 0.005
0.002 0.029 -0.006 0.003
0.004 0.029 -0.008 -0.001
0.003 0.029 -0.007 0.003
0.006 0.029 -0.009 -0.002
0.005 0.030 -0.009 0.003
0.007 0.030 -0.010 0.000
0.007 0.032 -0.008 0.002
0.007 0.032 -0.005 0.002
0.012 0.033 -0.006 -0.006
0.010 0.034 -0.002 -0.000
0.011 0.036 -0.009 -0.001
0.013 0.037 -0.007 -0.003
0.010 0.040 -0.001 0.007
0.010 0.042 -0.002 0.008
0.016 0.042 -0.007 -0.005
0.015 0.044 -0.007 -0.002
0.018 0.047 -0.002 -0.007
0.015 0.048 -0.005 0.001
0.017 0.050 -0.003 -0.005
0.013 0.053 -0.004 0.007
0.017 0.053 -0.005 -0.002
0.017 0.055 -0.005 -0.002
0.014 0.056 -0.004 0.005
0.013 0.057 -0.010 0.008
0.015 0.058 -0.006 0.002
0.011 0.060 -0.008 0.012
0.013 0.059 -0.012 0.005
0.014 0.060 -0.007 -0.000
0.014 0.061 -0.004 0.000
0.009 0.060 -0.003 0.009
0.014 0.059 -0.003 -0.005
0.014 0.059 -0.007 -0.007
0.013 0.058 -0.006 -0.008
0.012 0.058 -0.005 -0.005
0.007 0.057 -0.003 0.005
0.010 0.055 -0.002 -0.005
0.009 0.053 -0.005 -0.005
0.006 0.052 -0.006 -0.000
0.009 0.049 -0.004 -0.011
0.005 0.047 -0.008 -0.004
0.005 0.045 -0.009 -0.006
0.007 0.043 -0.005 -0.014
0.000 0.041 -0.004 0.002
-0.006 0.038 -0.002 0.017
-0.007 0.036 -0.004 0.018
0.002 0.034 -0.003 -0.008
-0.002 0.031 -0.003 0.001
-0.005 0.029 -0.002 0.007
-0.003 0.027 -0.001 0.003
-0.003 0.025 -0.004 0.002
-0.007 0.022 -0.002 0.012
-0.007 0.021 -0.002 0.012
-0.006 0.019 -0.004 0.009
-0.007 0.017 -0.002 0.014
-0.005 0.017 -0.000 0.009
-0.004 0.016 -0.002 0.007
-0.003 0.015 -0.001 0.005
-0.002 0.015 -0.003 0.005
-0.002 0.015 -0.001 0.006
-0.002 0.015 -0.007 0.010
-0.002 0.015 -0.004 0.012
-0.000 0.015 -0.005 0.009
0.001 0.016 -0.002 0.007
0.005 0.017 -0.002 -0.001
0.004 0.019 -0.004 0.005
0.006 0.020 -0.008 0.003
0.006 0.022 -0.004 0.004
0.006 0.024 -0.008 0.007
0.008 0.027 -0.004 0.004
0.008 0.028 -0.003 0.006
0.011 0.030 -0.004 0.000
0.010 0.033 -0.007 0.005
0.015 0.035 -0.001 -0.005
0.017 0.037 -0.003 -0.008
0.014 0.041 -0.001 0.001
0.017 0.042 -0.002 -0.005
0.016 0.045 -0.002 -0.004
0.016 0.047 -0.002 -0.003
0.017 0.049 -0.004 -0.005
0.011 0.051 -0.010 0.011
0.013 0.052 -0.006 0.004
0.014 0.054 -0.005 0.003
0.017 0.055 -0.008 -0.005
0.016 0.056 -0.007 -0.004
0.013 0.057 -0.002 0.002
0.015 0.057 -0.004 -0.005
0.017 0.057 -0.001 -0.011
0.016 0.057 0.003 -0.013
0.014 0.056 0.002 -0.009
0.011 0.055 -0.003 -0.005
0.011 0.053 -0.003 -0.007
0.015 0.052 -0.003 -0.020
0.013 0.050 -0.004 -0.017
0.011 0.049 -0.004 -0.016
0.008 0.047 -0.004 -0.011
0.006 0.045 -0.003 -0.009
0.004 0.043 0.001 -0.005
-0.001 0.040 0.000 0.005
0.001 0.037 -0.006 -0.003
-0.005 0.034 -0.004 0.009
-0.003 0.031 -0.006 0.001
-0.004 0.028 -0.003 0.003
-0.008 0.025 -0.003 0.011
-0.006 0.023 -0.002 0.004
-0.006 0.020 -0.004 0.004
-0.005 0.017 -0.002 0.001
-0.009 0.014 -0.004 0.009
-0.009 0.011 -0.003 0.009
-0.010 0.009 -0.004 0.010
